193
420
271
3
397
40
100
227
410
45
162
30
467
355
62
151
62
58
32
400
195
354
306
469
324
100
143
34
233
183
102
376
397
461
206
475
194
407
365
100
295
96
147
113
200
91
296
326
300
66
408
30
336
179
61
245
468
466
344
455
286
330
83
290
100
66
203
124
342
350
363
388
492
432
96
466
44
445
498
21
457
33
348
371
254
499
222
425
178
429
30
53
168
376
120
496
340
484
349
88
391
28
372
492
168
440
225
151
127
486
482
121
13
298
240
393
474
474
486
166
111
164
247
31
497
296
239
307
112
88
474
253
363
26
147
110
485
221
261
424
73
59
41
495
366
206
475
261
481
336
126
368
468
403
225
467
334
245
60
432
496
152
78
0
6
171
447
150
100
411
299
370
456
416
347
216
472
375
160
398
174
296
403
438
301
160
424
450
470
12
16
266
207
44
114
344
86
176
447
147
362
240
205
456
424
289
424
349
458
391
263
266
493
136
334
212
59
412
412
453
43
209
154
407
413
347
344
441
376
189
376
403
127
116
327
416
238
31
32
303
466
141
31
249
228
405
338
219
393
401
214
319
381
440
88
473
148
52
484
326
49
141
79
4
245
225
281
251
481
481
301
110
314
215
381
122
365
331
285
468
99
260
186
86
445
50
246
187
440
268
345
134
197
62
421
328
345
23
364
30
232
258
3
222
399
341
331
183
182
461
57
196
156
322
348
304
425
324
425
70
50
181
415
303
185
211
146
68
428
336
265
429
14
391
100
121
189
97
254
162
35
95
19
350
61
381
465
315
198
451
296
335
254
382
263
64
439
181
284
426
367
109
0
300
492
154
327
168
61
446
343
119
320
324
469
283
32
353
306
202
293
105
197
165
445
74
141
291
252
386
470
212
392
122
2
322
358
442
352
412
387
3
480
423
253
368
161
10
435
402
277
371
318
16
403
421
441
288
106
184
104
462
235
109
99
290
476
263
305
274
70
64
377
447
186
236
221
251
397
384
182
62
489
64
193
279
341
100
156
20
307
98
422
48
450
481
260
2
108
42
62
393
309
218
194
473
84
130
243
304
293
296
305
224
84
327
253
40
181
55
67
180
297
16
165
314
232
115
286
394
341
359
375
350
401
22
465
307
87
465
126
97
17
441
462
129
478
319
18
314
476
14
416
182
361
439
371
20
355
167
50
472
485
347
116
73
217
415
91
139
477
234
111
53
310
350
75
101
143
79
423
147
427
365
43
61
151
459
65
93
22
448
184
89
409
78
119
207
357
493
160
55
241
130
137
339
54
414
237
497
393
92
468
377
8
64
443
275
292
337
342
62
96
286
273
454
410
499
303
247
410
214
454
238
255
158
394
346
40
218
419
459
238
413
8
181
418
80
146
258
399
34
262
434
492
466
224
14
15
105
277
416
81
201
263
57
370
322
58
233
177
202
264
48
266
204
167
37
335
159
96
390
188
157
233
20
478
243
124
45
272
96
479
270
357
283
236
367
159
156
393
305
273
80
469
416
193
379
454
136
346
183
419
74
241
16
298
413
219
462
69
111
66
45
306
93
123
184
186
425
184
127
443
448
431
469
458
386
201
430
303
132
486
471
140
355
296
93
355
345
116
315
431
11
499
223
343
440
149
385
289
302
335
212
144
464
473
403
300
14
358
334
127
113
170
355
395
129
479
61
409
480
324
37
275
429
498
124
182
288
430
218
394
443
492
194
219
242
103
70
464
146
480
436
275
229
189
138
11
214
187
314
471
91
125
159
389
377
230
494
341
82
181
317
116
487
128
155
103
167
233
45
386
493
381
95
246
60
375
51
380
48
179
475
433
152
43
253
353
343
486
203
254
496
109
186
293
208
171
454
268
281
4
19
9
420
222
340
294
311
14
382
167
270
195
147
309
9
113
279
339
10
339
252
110
470
188
82
335
438
151
380
461
432
366
158
159
453
229
403
6
246
173
293
155
96
229
270
474
141
456
186
36
347
79
75
295
331
415
236
199
140
365
132
248
266
142
320
185
383
376
60
166
249
80
175
324
385
248
45
460
338
329
368
97
463
31
133
104
225
145
193
371
17
54
428
287
197
271
491
324
391
180
269
51
140
472
368
128
88
170
197
430
21
179
77
420
129
266
124
268
130
119
491
165
12
439
456
280
294
456
105
57
80
143
126
475
71
314
138
378
333
252
104
223
93
240
330
100
292
27
370
92
232
340
311
196
19
66
183
398
268
477
46
405
108
320
40
182
183
343
54
92
92
377
370
168
125
139
118
489
329
20
2
460
316
450
236
5
205
75
36
221
155
256
325
358
29
234
481
418
165
87
490
202
150
276
37
50
311
46
215
167
461
295
262
132
172
445
82
116
29
316
422
464
79
26
375
447
29
444
281
287
268
129
389
317
384
123
476
216
151
469
181
383
244
451
284
278
485
239
15
192
294
471
58
435
343
405
256
278
65
79
442
82
308
172
357
185
318
470
104
457
273
149
452
227
419
204
118
298
213
250
299
452
236
462
349
259
230
469
168
64
458
180
371
236
432
245
392
35
15
323
441
390
90
452
211
59
431
203
430
331
396
288
325
352
238
100
188
295
294
165
64
438
12
488
283
491
271
376
287
273
193
186
38
286
52
73
343
131
308
283
72
170
378
274
72
136
317
59
131
337
105
468
190
329
210
229
288
76
358
38
386
177
50
56
210
358
112
124
31
16
69
341
143
281
191
147
453
223
378
255
402
212
372
48
122
263
425
323
368
444
456
261
257
412
415
316
80
408
199
299
496
112
310
302
327
305
30
309
146
43
23
32
436
175
202
323
147
82
207
446
489
457
415
107
196
226
223
348
161
346
55
372
265
307
249
276
448
188
451
207
309
142
337
179
139
272
411
386
294
77
195
383
120
175
317
212
4
148
200
313
344
127
192
166
250
63
330
157
360
141
250
410
347
232
330
338
386
219
323
239
348
292
63
22
195
329
421
387
322
142
434
85
466
112
218
150
295
418
292
376
338
212
261
16
412
222
222
342
188
203
130
450
62
436
469
372
286
364
412
205
218
2
287
211
117
89
108
405
157
432
288
21
363
29
336
409
122
365
9
369
346
61
320
134
486
284
413
405
110
493
237
363
288
433
464
270
456
435
146
197
443
418
282
384
59
63
122
224
267
81
94
348
476
65
461
406
433
104
294
114
48
394
417
205
91
70
325
450
0
271
349
487
268
473
314
289
315
278
441
79
313
365
60
433
168
354
475
247
235
351
278
81
386
398
51
450
449
41
171
317
177
123
111
196
140
464
408
194
251
169
373
299
20
423
178
94
84
464
74
353
74
288
21
164
421
293
25
259
261
377
294
134
301
302
358
270
91
195
462
379
139
277
295
4
496
449
308
422
218
199
307
164
203
391
118
436
45
368
432
464
201
89
481
471
20
453
393
288
32
338
495
162
271
173
401
61
494
369
275
131
321
17
329
114
278
365
89
154
52
168
23
20
393
211
254
110
71
31
99
125
24
26
11
389
3
66
86
381
353
25
90
90
265
320
217
398
245
413
144
353
400
310
131
15
255
145
348
357
164
3
92
258
65
458
44
63
473
402
135
286
386
304
310
120
71
216
374
385
364
7
92
448
326
138
301
39
294
238
131
128
227
242
101
158
132
481
250
376
10
229
110
318
101
277
220
51
13
16
314
287
338
269
205
458
287
454
352
485
324
146
316
141
88
10
54
241
56
424
467
440
159
130
191
267
126
245
440
76
282
197
481
483
82
184
142
334
93
313
372
191
453
60
240
42
80
39
308
14
281
51
250
274
217
353
120
35
152
86
168
341
339
99
365
213
463
246
251
295
51
455
459
193
434
351
481
408
318
47
154
97
211
220
380
344
157
194
138
73
489
154
415
180
143
45
118
379
499
186
310
15
51
249
382
201
384
96
232
277
30
259
464
188
298
481
494
472
355
370
238
436
150
448
118
296
94
415
133
432
53
80
313
273
399
251
202
438
146
139
16
242
166
346
312
287
82
267
232
144
175
263
340
437
298
383
461
214
224
482
416
235
461
162
419
329
434
174
432
33
413
127
310
267
290
194
443
73
358
286
168
470
221
12
82
65
162
405
75
2
256
415
252
24
167
126
130
463
127
382
450
337
463
81
335
289
326
79
262
274
41
129
8
438
411
243
295
101
215
458
222
105
228
69
250
14
68
358
367
282
358
341
435
100
322
347
352
468
415
345
65
90
276
138
272
315
416
144
294
316
251
287
371
496
390
263
130
127
83
267
297
210
282
173
463
17
291
335
130
37
194
370
456
241
131
118
421
147
417
374
491
161
302
352
383
394
280
264
126
227
109
171
46
469
106
263
433
204
405
208
328
134
80
460
244
69
139
349
47
318
239
229
358
240
459
453
117
335
138
181
286
377
29
275
1
460
440
382
410
270
439
164
52
53
461
200
386
484
282
400
447
51
208
317
234
272
98
271
82
474
199
108
319
39
16
121
296
218
232
438
438
90
86
135
172
450
348
497
209
182
405
319
169
442
305
360
285
48
340
140
12
211
129
92
32
15
35
85
323
348
494
442
351
226
488
497
311
158
299
122
119
239
211
152
182
189
300
406
469
288
11
375
116
394
494
75
468
391
317
200
497
366
172
227
362
422
106
293
287
7
386
271
328
421
290
445
93
221
253
145
407
215
306
95
254
379
427
170
467
365
9
104
261
344
200
132
195
97
197
27
77
301
65
285
459
281
377
261
299
419
422
41
335
181
2
229
444
137
152
145
420
264
485
166
406
454
135
484
25
167
244
110
165
381
392
49
134
71
112
245
307
200
80
364
246
298
249
352
39
155
2
369
318
375
209
156
207
350
54
23
110
203
9
16
303
286
49
465
346
338
226
71
259
368
12
212
367
98
393
72
474
477
454
146
107
400
30
56
54
346
124
397
122
298
266
45
103
235
490
90
258
426
76
215
456
283
451
367
16
399
112
342
203
300
134
152
76
65
176
166
163
45
398
412
344
87
392
87
431
253
467
184
149
149
211
368
449
283
281
24
457
122
247
499
350
140
437
489
125
477
410
24
454
493
311
227
230
147
81
459
164
13
403
486
19
93
62
238
32
189
202
112
314
210
63
48
256
423
385
321
124
219
348
354
257
314
474
200
415
17
64
165
381
266
257
487
158
82
417
382
290
347
482
293
398
147
71
410
467
326
48
320
67
447
392
418
394
80
305
187
101
357
327
412
380
46
52
497
22
272
411
129
460
57
425
414
46
306
300
314
429
457
85
43
168
100
148
357
133
385
19
5
353
141
420
76
287
122
237
176
496
493
197
455
14
357
66
274
395
111
302
9
462
241
45
27
120
381
196
330
434
215
472
77
340
56
10
277
88
6
92
354
111
239
43
299
476
94
365
395
463
262
235
266
128
53
118
315
34
237
472
448
396
385
386
331
122
491
13
337
145
114
404
488
248
311
221
301
81
216
170
137
332
102
406
485
250
270
433
388
201
155
463
70
37
349
317
308
452
468
470
344
497
179
175
318
403
425
83
105
346
490
387
373
44
346
68
146
411
338
192
472
80
354
383
309
153
416
51
167
199
269
255
117
67
154
57
135
284
421
219
385
469
498
404
311
38
227
324
198
104
234
223
25
203
362
352
208
399
61
88
468
408
409
474
175
235
238
18
376
51
98
266
414
384
111
343
453
15
93
237
155
483
364
392
357
164
99
124
206
332
188
124
292
403
40
415
432
38
239
410
157
217
215
472
314
420
439
403
58
427
298
149
152
244
124
176
222
97
19
121
216
193
457
419
311
156
25
87
494
287
494
485
374
413
390
333
128
482
332
399
451
135
321
480
4
201
191
263
255
413
223
231
479
150
407
36
320
367
402
143
68
279
181
135
151
403
128
319
60
296
83
280
469
273
208
376
219
419
28
107
172
144
123
11
460
478
323
475
42
198
415
55
289
362
205
165
491
279
446
136
475
403
227
155
131
495
250
175
357
413
231
102
342
121
104
375
303
136
355
355
50
311
309
361
464
272
248
178
84
63
338
424
441
97
461
192
48
171
85
27
139
152
477
79
205
35
271
243
369
347
389
428
73
408
29
111
46
199
450
205
17
493
236
100
416
316
13
335
22
441
416
166
55
382
168
301
241
429
141
80
183
65
153
215
114
39
368
248
125
242
271
78
448
404
64
4
368
73
252
355
33
258
477
496
475
228
170
371
310
186
81
175
40
4
205
456
211
31
204
459
89
257
184
112
239
304
90
217
25
400
328
346
122
176
27
62
11
8
106
397
38
382
114
18
260
182
490
73
201
144
177
464
395
447
245
47
96
298
326
466
102
386
118
112
447
179
401
291
274
168
215
185
308
138
294
137
19
10
152
494
363
75
469
256
255
426
96
342
8
417
241
36
93
277
153
394
54
429
201
62
96
92
307
8
439
27
457
356
202
431
243
122
240
314
211
264
329
491
175
287
107
94
85
344
34
317
423
5
254
487
64
194
67
382
499
491
149
74
3
361
153
166
190
173
22
404
4
432
148
236
73
395
456
327
380
297
396
40
153
352
109
61
161
495
375
52
472
132
171
74
175
427
265
220
332
397
131
407
130
404
67
395
212
166
1
189
252
222
475
413
194
433
479
39
36
204
268
146
390
303
25
317
241
311
9
392
495
149
238
433
51
238
415
472
121
334
51
352
477
272
268
33
116
356
403
94
65
316
205
292
474
170
171
293
443
278
219
380
143
235
125
112
232
102
138
242
253
251
429
407
321
304
255
177
385
61
215
140
221
375
372
274
351
181
461
324
307
344
484
21
336
339
433
138
134
168
196
88
369
39
480
212
482
182
245
300
239
62
254
367
83
15
29
190
477
443
244
73
491
339
490
314
418
477
244
16
335
236
174
51
314
458
285
282
260
440
49
82
5
83
76
339
163
229
461
24
354
219
48
210
176
385
60
154
284
329
443
486
386
330
99
332
103
330
331
250
70
320
177
186
499
129
260
14
260
137
39
347
477
385
276
366
449
463
154
216
399
88
350
100
483
421
442
348
215
417
148
124
258
6
193
339
297
11
162
307
361
17
207
295
447
219
244
107
152
314
432
114
173
490
23
345
108
157
268
109
202
129
417
395
450
366
92
174
302
401
285
329
279
305
389
65
241
471
64
242
91
450
449
436
295
56
66
53
52
342
102
331
210
386
159
164
115
309
114
71
232
149
230
432
221
369
282
173
33
38
210
464
37
296
280
107
241
190
408
252
362
88
463
44
247
284
146
415
400
453
418
494
61
34
150
141
70
362
236
74
75
310
131
68
497
346
362
57
98
407
154
344
146
223
420
187
219
466
17
7
473
492
381
328
380
111
499
160
34
243
495
149
376
92
166
192
414
336
1
169
337
36
83
430
244
196
113
150
28
118
391
298
71
481
314
350
331
317
316
481
490
315
28
171
114
66
155
468
373
285
97
149
210
341
380
466
232
188
40
498
213
28
110
303
466
0
303
47
308
371
355
456
116
114
65
104
134
27
182
270
162
438
47
245
232
449
424
314
20
49
183
333
340
327
53
41
469
241
401
293
419
60
399
81
482
488
176
54
156
274
410
240
212
403
221
417
200
241
83
484
227
80
279
420
342
204
248
20
346
451
197
395
416
142
257
451
245
221
292
26
154
134
277
83
275
403
257
76
499
391
349
240
92
359
44
114
463
139
64
465
462
245
262
360
499
446
97
245
460
143
37
306
455
232
415
365
423
49
77
445
160
485
114
290
196
33
266
444
477
168
458
366
42
321
190
114
264
129
304
103
44
451
242
102
480
268
304
390
138
255
258
334
133
325
259
453
286
77
46
212
373
265
163
190
132
422
98
238
406
185
104
153
188
93
104
495
120
290
223
250
360
438
244
428
251
426
142
257
11
137
96
366
228
210
170
77
84
335
365
1
320
489
179
382
372
38
422
107
166
389
277
469
11
343
177
106
331
296
47
90
231
44
248
317
194
434
208
232
299
307
156
417
41
68
41
306
215
282
60
178
292
105
312
417
179
291
307
106
254
1
19
249
84
368
451
427
466
182
323
163
285
31
231
100
85
281
380
402
300
277
130
486
418
61
341
166
38
417
140
366
408
348
185
111
488
265
279
250
301
102
146
491
441
105
110
48
65
155
182
404
332
424
8
324
271
384
346
137
378
184
27
53
388
130
436
435
449
227
216
5
98
97
46
460
465
227
256
166
355
139
315
371
122
321
271
231
173
35
57
174
413
34
267
452
457
312
249
437
54
127
209
64
78
87
396
221
60
132
443
442
203
268
148
33
198
87
131
474
16
241
33
369
108
104
436
345
159
241
477
297
139
258
436
486
80
291
359
129
276
439
171
94
209
227
488
406
377
319
21
81
186
289
88
447
18
209
254
386
317
389
25
16
371
100
246
110
7
16
193
88
252
177
212
121
197
222
83
130
387
178
303
392
383
212
101
466
45
384
497
472
312
111
59
459
276
61
128
104
165
3
450
484
493
363
71
326
260
442
18
32
196
89
77
124
328
404
482
41
400
148
237
212
65
319
236
79
63
246
442
116
491
30
186
495
49
14
84
475
467
205
78
95
43
29
265
406
59
450
403
126
204
201
366
233
485
254
148
309
403
75
102
116
465
356
92
56
428
447
273
476
356
399
217
240
32
12
320
273
162
263
330
458
423
153
357
71
426
378
466
378
375
25
250
347
255
398
454
234
347
430
138
463
214
324
357
419
245
264
157
158
59
224
263
43
151
323
373
325
252
174
226
299
432
344
270
333
455
151
447
220
14
465
348
373
490
98
156
228
71
171
13
203
17
276
117
328
406
215
50
159
288
127
279
234
143
305
252
365
441
146
437
3
294
170
257
427
117
212
243
300
219
99
244
358
245
177
48
121
469
302
183
115
20
279
68
481
376
114
397
0
22
211
182
397
59
394
59
214
133
138
14
396
220
306
287
85
116
140
366
190
32
471
464
219
479
274
124
69
299
22
116
64
2
52
163
318
265
21
334
376
208
114
302
11
314
269
151
155
51
248
422
237
58
76
366
440
168
29
372
24
88
318
395
424
349
322
78
387
119
171
242
180
98
408
3
432
208
67
353
414
264
371
171
162
124
250
374
90
30
308
225
145
3
212
178
61
333
229
38
97
274
231
460
100
431
416
333
19
58
122
207
488
399
480
488
76
147
234
490
468
241
31
466
324
79
358
214
210
94
15
422
378
488
405
329
315
73
466
8
325
309
16
90
376
446
153
179
23
385
57
70
449
448
387
395
413
423
288
454
301
483
67
383
89
437
202
465
23
184
374
12
26
484
284
99
379
12
440
266
280
88
319
20
8
397
489
127
347
410
465
265
20
231
146
165
197
21
313
445
87
447
176
280
390
35
480
224
8
268
120
136
31
39
198
147
93
81
441
195
328
369
250
185
393
258
411
286
269
448
102
85
202
125
107
463
157
208
498
470
28
235
195
259
406
455
433
101
416
452
6
225
131
248
353
136
99
222
440
37
88
262
61
469
40
36
338
258
452
68
179
137
102
127
263
266
32
321
134
65
94
183
21
53
283
8
208
364
53
497
56
453
264
315
455
223
427
76
481
407
179
372
61
203
213
202
264
119
49
151
111
372
211
197
337
443
84
305
293
449
175
429
255
261
243
222
55
288
144
437
220
13
374
456
268
249
257
158
83
257
68
418
259
228
484
360
163
36
292
396
366
438
229
301
425
378
334
405
140
83
471
496
389
50
22
102
195
79
169
473
252
126
277
255
481
32
420
149
453
303
270
417
278
58
272
44
154
382
195
364
217
266
52
351
463
111
99
287
103
146
333
480
400
182
356
374
402
109
379
408
46
477
295
288
303
73
329
400
59
69
114
200
137
309
135
310
350
429
3
28
289
317
305
173
326
423
58
242
275
416
354
259
463
347
347
440
88
107
286
210
377
156
160
356
424
183
482
307
154
216
28
220
159
53
343
9
208
259
217
420
494
121
312
173
10
399
348
356
424
275
92
466
293
445
244
111
383
305
214
437
110
73
131
21
120
207
461
377
461
11
115
432
268
370
167
274
223
314
366
341
151
288
363
445
105
264
60
483
70
86
46
134
318
466
296
459
206
431
297
165
333
175
143
492
425
230
418
171
463
7
235
258
222
6
257
208
144
445
434
373
302
155
168
250
289
467
133
265
186
209
344
252
142
127
259
448
205
285
400
489
197
83
256
470
452
226
258
264
297
152
255
434
135
417
443
270
53
148
325
155
4
308
209
37
428
91
6
442
310
121
101
279
133
101
434
211
127
329
101
105
114
175
128
120
437
153
436
402
89
303
137
94
392
361
430
462
239
227
82
470
0
422
36
95
72
233
133
422
246
35
230
57
164
254
471
324
394
391
209
375
345
490
424
450
310
284
65
496
486
493
319
338
199
319
29
460
415
31
220
227
373
250
469
117
360
159
492
480
431
34
466
30
286
153
248
46
210
122
156
10
477
286
75
295
30
432
477
38
319
337
411
368
250
413
53
69
482
479
480
466
149
477
308
129
443
370
159
298
62
192
247
74
482
290
410
230
270
255
330
485
452
231
179
386
304
290
149
371
413
214
269
348
228
474
372
431
88
165
336
98
186
107
5
13
45
434
125
12
422
378
156
217
29
335
165
439
263
347
325
66
100
383
63
137
436
307
498
116
313
314
176
244
253
215
191
74
444
133
28
93
244
13
485
172
30
333
438
16
457
417
4
91
84
109
371
380
39
386
415
320
177
348
211
301
1
198
451
325
295
389
338
411
303
73
10
118
333
221
226
479
326
242
342
48
47
363
497
121
488
201
362
277
233
169
475
330
168
371
385
352
138
210
364
143
315
84
353
477
435
184
100
368
266
444
457
487
207
40
61
369
309
435
8
283
87
70
339
436
491
464
493
283
45
169
429
69
277
316
91
6
35
174
251
104
380
435
314
398
441
441
185
104
94
418
352
426
371
401
30
497
307
491
352
260
271
477
103
351
128
464
83
115
106
442
261
55
219
473
470
373
442
59
25
382
153
102
171
392
458
87
349
455
69
125
211
467
83
273
173
289
410
405
308
301
359
272
480
453
316
343
407
49
210
130
21
294
314
326
358
74
399
262
122
164
246
325
310
403
280
2
43
223
48
259
330
420
469
394
156
58
12
331
58
410
150
440
183
487
485
5
375
61
187
379
411
7
158
371
138
446
487
339
408
77
452
41
87
309
262
31
48
84
496
398
341
304
461
486
268
190
89
89
420
170
237
137
41
285
207
97
371
79
192
30
439
469
311
181
19
136
19
348
127
304
369
499
377
99
237
56
356
437
69
451
419
134
330
91
107
0
98
454
202
157
294
331
195
281
140
190
306
138
332
430
250
236
275
319
327
371
28
272
231
209
224
51
347
476
107
483
478
122
468
210
59
335
445
442
65
389
354
344
8
485
329
39
434
468
401
389
368
335
71
11
12
214
57
150
127
308
162
2
441
205
147
484
298
194
230
478
394
384
80
60
339
453
119
17
107
340
392
18
315
309
256
367
37
240
31
145
409
128
147
23
240
213
26
490
481
107
451
149
277
353
116
313
157
348
131
31
388
26
369
434
75
392
79
292
372
436
114
203
398
496
121
89
274
388
272
210
405
215
45
240
227
83
403
372
81
365
363
446
306
334
181
201
405
13
144
1
57
111
471
429
443
306
442
494
330
286
9
291
214
188
375
8
67
111
39
304
497
176
156
478
48
330
141
84
181
367
236
487
351
210
229
275
34
342
306
494
251
499
65
141
21
345
298
492
325
401
218
295
339
285
27
406
258
18
66
433
226
378
453
237
112
17
320
100
50
100
433
57
34
288
136
309
135
215
479
62
456
220
441
365
49
357
50
205
106
330
129
26
265
328
34
213
362
147
250
72
496
203
343
459
352
315
278
271
234
142
443
106
491
266
392
19
253
242
138
48
226
163
244
359
32
286
273
414
246
213
178
277
391
27
35
44
279
459
421
287
274
152
114
328
356
202
489
425
471
205
266
133
466
33
492
188
488
476
426
13
461
9
494
288
99
463
133
359
366
238
346
33
371
302
461
480
315
197
446
317
399
225
207
144
93
366
130
489
182
209
204
340
186
318
493
373
270
494
382
73
0
263
423
405
68
411
371
231
389
252
274
419
87
39
353
348
472
169
434
221
355
180
233
308
277
136
116
333
359
132
435
42
388
399
315
309
22
52
376
323
466
97
384
37
274
424
426
80
377
223
250
57
137
175
150
9
188
419
493
77
402
300
468
401
101
389
433
317
224
458
315
498
461
202
268
436
329
3
1
134
287
275
389
244
52
354
98
82
475
233
480
110
364
192
366
249
59
80
440
142
301
26
3
382
148
100
59
146
242
236
263
488
82
128
316
129
56
175
321
155
227
79
337
251
485
479
383
257
208
53
412
453
403
429
174
340
384
488
66
466
172
455
477
283
126
195
329
431
278
141
156
118
22
81
415
310
397
124
356
358
452
79
194
346
475
371
229
245
9
271
226
27
4
193
327
169
283
48
180
287
290
176
495
49
29
360
71
126
370
84
216
404
54
56
383
233
290
280
343
91
88
82
356
24
297
283
144
145
362
367
338
304
476
493
200
222
457
31
377
281
41
170
350
402
258
209
113
271
36
254
25
461
481
49
85
36
467
375
130
157
155
87
224
279
341
459
490
51
217
361
294
26
459
270
244
31
11
422
121
65
163
95
87
60
221
57
12
179
224
423
259
444
294
395
134
438
303
201
59
138
338
271
213
233
45
294
499
225
195
183
277
21
150
356
417
340
365
366
328
182
349
326
321
242
75
85
481
333
477
460
148
212
21
175
27
378
130
296
496
327
140
461
487
122
488
6
487
467
80
305
272
281
89
170
7
387
407
3
160
277
433
195
320
455
184
18
38
65
171
390
106
327
371
366
479
63
17
205
366
121
186
320
117
375
245
86
220
22
64
237
68
407
20
319
497
499
165
370
183
282
251
205
448
135
47
5
93
463
205
40
288
277
459
224
355
118
420
119
451
129
245
194
56
63
404
376
341
10
150
432
121
313
249
242
131
497
455
282
378
352
384
182
476
382
275
180
62
332
446
93
109
476
62
206
19
119
83
441
11
378
486
344
61
144
458
192
147
121
119
240
53
159
339
38
295
399
157
310
473
218
56
67
49
289
13
94
331
397
299
96
394
125
198
193
483
113
120
276
499
53
241
197
422
56
433
10
300
117
239
114
449
292
213
112
197
293
352
20
295
307
128
14
233
104
198
442
469
0
203
277
308
30
450
380
235
137
188
30
276
209
92
410
159
411
213
228
134
421
159
387
403
143
390
19
483
381
328
306
357
206
198
124
71
497
126
344
48
388
384
157
238
390
309
248
252
276
312
441
206
252
38
465
205
456
230
138
69
107
105
255
7
118
65
413
97
244
486
429
298
240
483
384
79
451
305
362
325
247
489
181
329
475
359
155
248
169
88
152
252
482
143
126
376
479
426
118
141
472
435
48
30
379
162
283
97
325
15
341
301
259
329
276
369
408
487
468
21
374
111
233
238
291
133
331
457
166
299
194
457
485
86
14
442
166
361
437
195
203
215
318
164
194
176
406
417
205
84
420
202
315
52
468
77
56
376
80
215
444
40
471
62
56
360
175
407
319
259
48
309
22
234
420
68
272
66
405
228
71
486
290
23
260
107
359
131
84
67
419
49
193
36
435
120
411
311
79
424
230
253
160
62
90
297
28
349
387
468
470
405
206
305
41
312
52
435
230
322
231
272
306
26
353
474
302
467
366
394
58
230
10
341
376
138
39
261
146
474
282
257
188
17
180
49
147
42
62
407
47
81
469
294
229
276
54
431
463
376
51
373
419
489
245
69
126
289
328
67
494
421
85
91
341
147
94
82
299
104
326
49
498
351
302
147
106
440
149
453
251
398
206
288
245
203
299
140
230
13
418
38
370
498
275
51
275
156
226
327
126
185
144
392
69
292
183
243
165
121
395
43
257
420
96
470
267
163
193
322
27
273
202
307
169
358
160
324
23
393
223
329
463
214
421
466
350
240
179
95
376
205
320
167
52
118
92
166
415
393
342
152
351
337
262
144
56
473
483
429
8
226
27
231
393
492
313
141
389
298
329
405
422
140
432
320
66
373
18
119
84
54
229
95
366
368
40
302
271
62
172
329
425
241
296
429
17
31
111
288
212
409
410
482
300
71
462
330
172
272
439
464
253
43
66
365
133
387
94
418
13
439
495
285
351
458
404
237
12
75
335
491
407
341
55
173
215
403
147
189
249
486
211
105
472
370
269
448
38
17
491
300
254
343
414
433
100
27
213
437
263
294
344
222
265
350
294
8
460
467
374
67
126
252
50
406
271
135
475
186
61
245
406
96
315
102
357
91
220
8
472
481
31
112
395
112
216
100
384
395
126
57
342
372
21
317
40
172
413
357
436
434
295
204
344
26
174
256
248
349
50
310
463
151
373
295
429
437
277
294
372
444
198
109
152
445
452
33
348
388
57
239
493
33
444
207
337
261
363
317
258
447
244
31
413
187
80
463
141
346
243
398
308
18
238
342
260
417
270
280
145
7
198
96
228
81
316
46
449
138
486
92
480
364
422
140
194
271
97
36
83
312
12
8
53
375
462
462
81
403
39
484
18
74
320
454
4
11
425
167
414
65
11
410
350
51
407
239
499
75
100
287
83
258
333
163
339
119
105
87
381
132
209
190
467
418
0
405
14
452
484
327
47
170
123
216
402
77
339
494
471
367
308
230
379
375
161
385
164
378
474
75
196
221
137
141
30
417
371
355
14
421
244
220
384
182
380
269
257
318
50
250
5
205
36
158
122
396
126
80
149
244
439
463
218
143
399
53
270
270
297
136
469
365
305
468
420
56
7
28
356
324
451
67
142
0
164
296
409
96
154
119
344
268
36
486
161
415
24
213
422
489
457
403
273
270
417
476
398
269
296
100
84
276
463
267
474
23
236
248
100
129
93
184
246
198
144
70
366
285
280
289
271
339
43
210
430
496
338
322
112
418
417
381
321
154
200
126
55
342
76
281
399
45
233
276
339
180
281
344
360
100
388
22
353
23
7
230
114
340
45
135
106
494
195
4
318
452
380
449
362
397
178
39
438
13
28
105
77
150
342
261
102
127
5
245
6
250
144
357
292
314
196
12
224
269
413
306
188
359
308
58
400
324
62
492
328
480
142
422
365
384
394
180
327
247
60
157
118
487
429
69
24
372
357
299
121
13
399
2
357
406
329
123
234
181
301
332
259
346
321
223
248
219
46
243
211
332
476
338
15
283
74
397
57
138
76
454
40
149
99
66
80
19
14
219
485
294
276
87
429
280
402
292
470
201
100
35
410
176
116
497
176
244
221
130
381
39
360
156
478
293
76
447
237
444
332
74
391
409
14
285
395
338
498
207
294
355
467
305
210
174
99
208
336
110
45
45
416
455
94
167
493
260
308
147
53
185
184
469
403
264
242
490
476
69
300
33
320
199
149
127
111
141
335
416
278
429
464
264
279
240
376
89
131
74
113
224
122
231
494
497
139
120
286
268
479
44
152
128
435
382
396
62
111
400
300
269
214
387
203
402
362
488
166
385
154
467
194
198
432
440
163
112
100
254
4
243
148
471
441
346
453
402
401
59
485
49
140
295
23
136
217
415
461
33
125
63
401
155
374
253
296
323
212
336
120
93
414
374
182
68
392
42
456
217
11
99
44
272
431
236
80
476
495
256
17
465
408
488
370
415
171
236
80
318
492
314
92
301
303
352
336
172
134
116
221
256
488
172
170
381
4
385
399
231
178
253
222
169
383
434
320
252
196
386
387
359
386
441
120
305
194
170
376
77
102
169
5
217
457
282
270
132
394
59
26
472
6
16
157
91
468
288
473
214
57
62
27
99
109
155
472
88
247
274
453
9
427
233
300
3
474
248
2
59
51
30
421
255
358
109
207
98
31
212
250
135
215
107
86
100
395
314
165
253
107
145
445
386
363
312
37
24
147
416
164
208
192
387
21
314
139
323
491
3
461
428
446
395
390
401
247
232
25
107
261
85
266
243
28
382
87
335
343
57
452
96
204
76
370
348
461
340
227
493
293
187
494
108
47
232
464
480
142
319
150
156
435
470
126
58
309
97
4
273
407
99
252
93
339
61
430
274
461
341
369
4
110
133
198
406
177
187
71
277
103
23
97
242
252
314
109
24
142
265
139
341
207
484
34
124
416
216
414
274
118
192
234
419
36
16
355
457
174
457
441
53
447
87
354
252
321
237
146
299
123
126
217
33
133
65
110
253
187
474
80
47
301
40
139
139
118
30
450
47
92
188
313
366
381
149
388
326
309
218
444
346
57
364
285
186
132
216
400
424
424
306
317
401
210
17
194
491
63
56
240
156
426
298
136
208
316
165
484
216
429
370
79
49
7
327
395
257
247
0
201
18
418
177
72
68
176
62
419
370
254
116
406
27
134
103
172
255
212
27
179
266
420
335
364
204
195
495
467
14
284
451
29
197
469
131
487
141
341
226
342
488
265
285
198
481
99
58
154
22
354
371
360
287
129
222
355
155
244
335
110
9
385
258
2
162
327
55
8
111
240
308
496
246
425
279
184
352
347
254
379
212
314
282
89
120
340
257
210
31
406
458
63
82
58
414
451
65
224
300
39
76
89
375
475
360
59
133
497
9
304
142
272
132
329
383
437
107
236
99
329
475
468
72
324
10
302
166
118
420
385
415
419
331
35
447
82
272
117
267
444
406
313
483
425
451
75
133
465
189
248
177
221
320
287
282
480
130
104
41
242
466
222
459
404
105
22
3
116
455
131
306
223
122
466
250
123
206
97
463
342
206
412
322
271
43
229
427
360
87
47
189
486
474
461
78
281
409
352
125
469
103
426
479
271
308
115
15
367
272
394
215
481
375
168
134
37
449
477
434
402
451
36
327
282
436
320
43
17
105
272
83
460
324
41
404
481
237
194
301
188
189
2
440
331
485
24
416
326
339
96
341
96
179
87
123
6
119
97
419
468
288
405
8
418
156
170
271
366
244
399
101
450
292
234
420
468
393
387
177
160
243
118
91
279
331
147
395
340
428
129
156
381
123
144
260
84
496
85
172
424
434
321
430
131
455
432
245
234
446
163
39
71
116
325
297
94
364
184
210
310
349
407
388
128
351
462
362
337
238
302
416
324
426
404
71
473
33
95
122
101
491
375
289
171
487
467
221
113
261
291
233
145
155
426
73
79
222
377
222
479
336
243
284
10
215
254
280
239
23
465
401
101
258
287
35
255
113
405
37
395
492
443
492
393
420
8
6
433
441
394
287
270
460
103
192
367
492
229
341
226
237
1
58
128
205
42
384
463
238
233
247
118
468
362
203
50
245
279
49
100
481
26
417
131
172
119
372
233
53
445
490
104
5
92
114
477
4
239
236
243
484
154
401
83
61
320
123
114
362
102
328
14
308
364
475
51
280
286
83
203
173
207
273
437
421
221
272
396
493
98
210
16
223
301
352
14
372
311
146
76
388
407
211
416
2
223
415
469
42
496
432
182
397
170
167
255
255
58
216
363
257
394
419
74
162
155
61
366
62
184
116
141
293
131
187
32
335
172
123
401
391
72
405
436
252
218
105
202
278
387
201
280
133
131
104
227
393
158
244
433
54
407
193
5
359
414
191
15
412
154
273
347
74
17
217
218
427
216
340
478
218
347
204
257
139
9
402
400
109
405
385
428
319
21
365
318
196
408
115
9
450
35
115
449
147
336
221
76
338
136
353
334
271
31
399
57
308
401
177
371
474
221
254
187
276
222
383
160
314
308
188
272
187
461
11
89
216
209
8
139
70
394
210
387
82
213
7
112
11
437
460
425
309
266
374
145
221
260
310
369
199
389
396
82
61
353
254
383
212
54
95
152
478
216
39
315
176
164
188
414
194
497
182
285
482
456
27
146
208
498
144
344
384
141
409
99
275
111
35
221
387
81
356
38
103
179
399
391
122
163
96
361
188
219
226
107
278
69
239
56
207
271
241
455
337
184
427
37
250
249
260
204
23
337
26
163
372
160
405
69
16
169
373
118
349
346
130
401
226
168
202
474
340
375
134
39
102
291
253
447
262
211
423
256
156
158
371
197
137
287
359
269
318
287
21
303
121
320
462
269
320
137
26
165
7
52
389
371
69
12
387
443
352
323
274
53
293
359
294
263
187
230
179
140
351
129
273
308
269
457
190
300
253
420
240
415
38
352
456
371
199
171
91
311
219
201
1
0
53
50
499
305
211
391
170
78
440
365
155
304
223
309
271
260
96
391
357
470
332
478
359
45
482
456
194
438
29
56
211
115
58
306
400
428
258
466
322
434
215
269
248
369
95
329
33
90
69
172
154
175
88
251
402
356
10
275
287
494
351
458
48
180
31
365
409
331
443
82
351
332
379
338
150
418
36
189
428
263
480
302
414
488
101
206
381
173
256
367
296
8
368
39
390
53
482
256
198
108
91
209
459
477
376
108
244
159
439
429
479
276
454
491
46
337
498
109
445
475
444
154
18
149
421
483
220
67
370
471
327
162
326
365
179
217
31
357
308
233
240
488
219
43
423
429
292
495
376
228
35
138
238
400
191
97
169
241
372
349
308
422
407
218
120
67
193
13
259
381
240
341
198
3
164
66
393
207
126
270
222
79
268
249
357
257
311
54
366
243
76
452
418
284
423
181
347
135
53
494
197
295
4
492
10
312
250
399
303
296
294
101
35
119
383
272
368
118
122
293
300
255
79
74
51
314
338
380
28
457
490
410
267
29
6
280
453
404
79
255
430
260
431
170
253
479
82
463
375
364
251
156
60
191
398
205
87
454
391
273
298
280
427
413
159
228
25
288
395
291
122
280
237
70
334
399
447
238
82
82
171
435
497
264
4
158
171
269
255
145
357
208
67
230
273
183
181
208
431
498
422
236
228
252
267
221
113
315
118
251
401
489
446
357
328
196
153
272
364
199
436
131
42
231
254
91
112
84
111
426
337
349
193
81
452
0
254
464
463
426
276
214
474
338
379
299
35
313
437
108
237
395
455
150
373
445
470
118
14
366
379
147
187
413
18
277
248
323
56
349
366
316
431
323
34
114
250
268
368
303
377
357
401
122
61
46
312
392
111
172
476
32
152
112
328
270
254
494
345
176
53
488
108
61
409
154
481
393
440
148
463
6
171
289
57
27
400
108
444
201
254
473
222
195
7
177
36
340
388
212
133
237
270
137
495
272
376
371
328
356
126
249
167
270
375
461
144
9
27
86
359
275
173
384
193
259
356
46
153
104
32
409
96
371
357
212
44
192
57
162
446
60
118
482
265
10
307
17
306
154
431
101
54
165
54
281
12
493
172
134
263
180
285
399
492
253
306
12
366
206
261
436
370
296
247
276
109
436
136
143
417
49
109
208
372
267
405
140
427
468
249
91
458
279
317
408
133
487
395
93
14
327
449
438
438
47
364
352
200
422
10
305
167
410
309
366
394
323
235
351
235
24
437
468
305
462
292
317
479
160
257
47
55
158
420
398
229
321
100
378
125
85
317
181
106
161
184
80
485
122
313
142
249
361
257
212
411
115
149
203
241
106
455
95
334
458
148
194
323
192
411
278
8
83
353
267
205
312
224
168
437
156
181
284
428
291
404
210
226
178
179
431
270
4
265
137
454
398
365
458
228
348
225
246
477
250
472
423
246
152
192
189
61
424
37
471
420
101
47
373
383
215
50
391
47
318
258
157
314
249
336
330
104
290
420
3
234
52
435
249
56
396
7
206
446
286
485
273
106
118
297
148
205
407
21
330
285
153
418
475
394
155
0
91
47
50
310
22
6
323
461
412
38
242
348
260
11
226
65
326
365
177
235
479
110
374
40
281
250
238
472
377
262
484
338
53
189
456
200
154
280
406
269
442
428
72
304
307
172
313
141
177
266
264
491
39
201
83
168
164
273
466
440
238
95
375
10
376
152
307
10
0
455
281
186
191
295
405
38
180
352
289
15
384
411
7
362
56
323
379
123
155
146
158
271
29
457
28
331
309
56
253
245
346
219
17
36
259
185
85
237
37
390
476
421
299
54
462
34
335
463
124
335
238
230
79
186
491
288
461
318
407
449
141
314
452
71
11
25
37
277
396
169
435
283
91
175
258
258
198
339
336
356
480
304
133
187
484
23
51
402
217
297
263
30
479
424
98
0
141
434
349
399
455
490
140
261
314
476
133
29
319
56
86
63
161
282
431
419
318
183
233
447
310
341
455
496
89
256
115
58
75
128
359
74
171
454
463
254
14
387
241
38
23
141
460
475
32
19
88
471
197
419
346
244
278
351
85
231
226
412
127
72
54
106
31
63
107
426
39
243
56
304
123
64
49
329
189
96
385
444
303
170
63
320
428
430
122
300
418
223
410
354
209
106
89
170
68
55
16
172
161
378
228
3
46
102
409
362
480
39
203
197
132
255
326
266
168
79
79
405
107
386
152
483
363
217
251
95
131
433
9
477
219
282
469
106
309
18
224
239
181
107
114
3
137
53
429
161
296
189
254
33
182
267
79
151
389
11
134
77
370
231
15
77
80
173
280
199
315
490
184
342
370
455
59
497
9
451
451
397
479
22
176
87
448
359
495
148
29
416
13
232
146
292
454
260
18
314
480
382
408
277
296
204
85
439
439
384
23
488
149
66
276
366
214
103
349
219
317
131
351
422
417
393
300
243
17
228
477
392
268
66
39
61
124
460
383
90
252
343
468
244
444
273
51
112
257
108
34
30
59
434
479
490
85
458
313
50
342
480
401
30
446
11
307
275
282
52
432
408
319
263
147
218
320
472
422
49
167
367
447
265
170
123
312
136
61
65
18
219
297
24
270
207
67
330
346
236
215
362
482
288
461
155
260
115
71
69
326
446
463
58
329
118
498
366
319
215
436
324
177
393
317
411
111
305
317
162
344
126
459
371
478
268
271
324
498
203
320
388
343
3
223
267
66
33
236
315
215
316
204
101
452
245
254
248
483
443
282
158
125
489
340
0
126
153
464
77
499
118
27
411
243
211
182
433
191
474
347
249
4
326
214
389
258
174
484
456
322
124
266
76
61
418
81
259
203
232
462
265
299
445
497
499
246
481
454
218
163
7
114
240
305
106
87
458
337
391
148
64
346
250
399
184
346
295
114
252
285
14
329
270
303
210
171
447
300
369
383
223
385
371
1
320
26
72
310
405
52
7
10
440
390
154
44
186
6
471
479
95
452
126
282
50
499
332
395
252
486
303
327
61
483
139
4
459
150
281
382
422
259
381
443
169
475
214
241
393
156
299
125
385
293
322
330
201
448
215
12
416
23
455
265
476
394
9
337
268
395
296
474
96
28
123
6
369
484
288
386
184
155
368
69
212
27
394
333
412
196
434
249
361
390
89
272
6
115
337
208
159
109
355
140
106
153
194
280
44
333
410
208
262
390
374
56
150
291
234
434
70
156
13
380
375
58
434
22
61
484
260
235
127
389
409
274
39
181
192
0
271
414
73
161
181
177
188
8
258
248
9
297
314
273
312
290
11
99
45
384
113
183
173
87
68
113
206
482
192
324
79
48
398
34
294
217
303
22
444
126
287
231
471
30
363
101
436
362
182
29
96
371
182
414
289
85
155
248
104
265
9
252
172
305
370
193
469
137
219
153
183
344
168
423
386
362
26
453
139
177
100
476
298
347
42
359
19
353
310
212
165
105
277
9
59
480
86
90
280
310
35
250
236
307
227
31
405
83
490
472
498
486
378
276
36
47
406
266
117
372
433
76
411
138
375
435
428
47
201
423
7
340
455
76
44
389
337
428
40
113
95
169
400
299
126
66
108
410
366
495
482
354
452
341
280
410
455
319
244
172
293
184
32
151
395
68
26
12
270
437
75
453
212
78
339
26
170
128
199
358
161
245
224
116
79
137
412
356
145
461
377
40
348
180
90
390
299
436
475
399
287
391
59
301
377
435
66
247
334
87
284
50
339
218
138
413
220
367
325
204
179
155
391
131
284
458
144
179
417
46
439
149
354
364
192
54
192
463
322
185
374
43
373
151
462
357
306
8
477
267
172
98
160
406
261
365
60
211
157
48
246
412
150
275
61
118
365
363
263
352
103
334
63
159
145
491
351
15
485
380
289
224
114
40
391
466
83
326
408
292
98
387
307
145
328
447
81
96
113
57
62
104
388
119
117
402
478
78
427
137
377
214
309
75
118
211
205
15
172
53
400
32
126
31
309
231
274
26
64
81
193
292
286
327
416
88
193
338
373
392
447
495
386
158
38
382
386
499
411
393
222
75
443
78
289
293
82
199
46
179
98
6
60
408
201
398
67
217
320
70
436
400
279
399
270
135
471
118
162
179
304
459
238
403
472
5
272
171
3
260
416
251
455
494
220
254
96
266
362
480
331
341
276
181
248
45
266
52
291
267
281
457
49
374
333
19
21
216
346
461
339
120
319
398
189
222
158
252
310
332
14
171
178
351
464
407
411
178
253
373
447
263
16
162
71
371
489
131
399
205
206
79
104
113
190
126
288
131
231
131
278
204
210
199
234
446
382
46
498
343
367
397
322
424
244
41
358
450
423
446
235
