17
5
85
20
45
50
20
46
14
88
96
76
60
33
5
70
42
40
93
31
14
52
56
65
77
99
17
28
86
50
60
66
87
1
95
79
0
0
72
88
82
84
51
58
23
38
12
36
54
39
29
78
11
56
34
1
0
18
54
79
42
27
23
59
48
59
20
86
32
43
19
14
61
73
99
26
41
89
86
45
33
8
69
16
65
30
24
36
47
58
61
81
77
29
55
37
13
67
74
17
58
28
21
33
99
59
6
69
72
29
62
22
35
44
58
19
95
42
51
48
83
57
18
39
67
16
78
91
21
12
36
16
38
23
42
84
23
20
7
70
18
53
20
58
39
76
38
4
51
45
22
30
48
99
70
84
96
79
83
39
59
18
36
0
16
33
18
92
88
42
43
42
12
36
46
33
72
30
14
71
94
49
72
13
97
63
55
75
98
87
62
38
19
47
56
59
18
55
55
66
20
74
69
6
16
11
76
68
4
84
92
76
79
76
6
13
11
47
57
34
13
33
50
57
74
85
48
48
8
74
50
18
61
93
92
76
60
94
78
6
71
34
91
60
27
48
33
94
41
72
44
86
13
40
23
57
36
17
9
20
8
9
17
53
4
16
56
48
31
80
67
32
94
31
97
66
97
99
85
36
23
81
60
19
15
38
7
59
73
97
86
9
47
81
30
20
84
56
68
52
16
40
7
53
13
41
1
81
77
81
22
98
85
5
49
95
92
29
15
98
12
46
6
89
76
90
51
79
96
6
76
77
43
16
81
69
30
24
39
97
24
33
96
52
53
58
18
11
39
80
86
13
95
25
22
67
19
29
16
73
19
98
32
31
80
25
55
99
32
99
40
78
40
5
48
78
65
32
97
33
13
86
40
61
67
65
9
31
30
85
80
22
77
79
55
89
63
15
85
30
8
62
34
98
2
62
58
61
40
82
67
68
14
8
18
42
98
26
88
41
97
32
80
78
4
99
28
2
75
89
26
95
87
14
14
51
27
67
5
99
34
86
11
69
12
89
94
40
15
41
68
75
58
73
26
76
74
13
95
46
8
67
59
82
48
26
82
6
85
44
16
70
45
84
42
5
88
7
87
36
51
90
64
6
55
28
20
38
87
50
94
16
84
78
13
35
33
35
67
53
24
42
4
36
80
25
80
26
36
84
82
85
25
97
92
44
29
52
4
3
58
6
48
40
27
95
69
97
47
60
12
5
50
12
13
55
77
38
96
43
45
94
4
70
63
2
56
69
92
27
70
26
20
70
14
66
29
50
41
18
18
61
34
26
73
54
76
10
36
83
4
40
50
1
74
71
26
99
72
32
95
27
31
10
95
93
18
17
61
61
98
17
4
90
98
15
69
61
77
96
25
45
75
59
27
69
31
25
41
32
36
39
65
29
96
83
32
8
23
53
91
72
47
15
75
56
55
85
10
16
77
94
0
2
33
50
76
61
12
65
60
19
6
34
71
9
2
96
34
49
73
96
37
16
57
46
30
73
13
40
66
97
67
31
26
26
96
17
53
51
17
57
40
23
30
26
36
76
53
22
12
22
96
89
38
97
43
44
16
29
91
33
42
28
27
64
70
36
64
94
29
24
51
13
74
50
36
73
45
10
90
43
27
5
62
98
38
90
92
6
95
44
43
4
26
14
55
35
35
54
19
46
48
54
91
13
37
39
98
96
70
8
35
43
92
93
9
98
83
69
22
93
93
79
19
87
87
45
29
17
50
28
46
30
54
23
32
50
8
34
12
59
27
51
59
74
30
57
39
81
26
87
72
0
49
69
13
37
72
64
61
48
88
80
7
60
29
43
62
72
85
31
49
76
7
58
1
82
37
95
52
55
8
16
39
88
49
43
67
69
61
43
83
19
57
10
11
41
0
89
73
12
40
55
63
11
79
80
92
13
19
53
99
89
20
40
82
93
88
25
22
76
52
16
5
81
38
20
41
21
27
73
19
6
0
30
21
94
60
37
83
63
80
92
97
94
17
73
51
24
22
74
19
92
94
50
39
58
86
49
32
75
86
73
32
79
27
45
80
46
58
37
73
42
51
47
81
38
83
92
0
95
90
30
93
55
96
89
66
97
34
87
20
81
89
96
35
94
20
20
34
71
68
19
24
66
18
61
58
45
96
85
25
20
63
38
79
40
80
79
75
37
11
92
11
59
42
52
22
99
66
77
15
9
71
73
76
88
58
25
86
50
6
25
26
35
0
19
62
4
58
62
33
36
96
90
87
90
41
98
7
17
63
49
7
56
69
6
17
20
