1004
1013
1016
1022
1023
1024
1025
1026
1037
1047
1049
1049
1054
1055
1055
1056
1057
1061
1066
1067
1083
1092
1104
1108
1111
1113
1113
1116
1120
1121
1127
1127
1132
1135
1137
1139
1144
1145
1146
1148
1153
1163
1164
1169
1170
1176
1180
1191
1197
1197
1199
1201
1207
1211
1211
1212
1212
1213
1222
1223
1225
1228
1228
1228
1231
1235
1236
1242
1245
1245
1251
1259
1266
1278
1285
1285
1295
1296
1299
1301
1301
1306
1316
1319
1322
1324
1330
1332
1332
1333
1333
1335
1346
1347
1349
1350
1350
1352
1364
1365
1378
1381
1382
1387
1389
1390
1396
1401
1404
1406
1410
1419
1419
1425
1428
1438
1441
1448
1451
1459
1460
1463
1467
1474
1475
1487
1492
1500
1505
1508
1511
1518
1518
1523
1527
1529
1531
1532
1538
1542
1548
1549
1551
1558
1560
1560
1562
1563
1563
1565
1568
1569
1572
1576
1583
1584
1592
1594
1599
1601
1601
1605
1611
1614
1620
1624
1624
1627
1631
1632
1638
1642
1646
1654
1659
1666
1671
1673
1674
1674
1684
1690
1702
1703
1707
1708
1712
1716
1718
1720
1723
1733
1735
1738
1741
1742
1761
1774
1781
1782
1783
1784
1793
1803
1809
1812
1815
1829
1834
1834
1848
1856
1856
1858
1859
1860
1876
1881
1882
1885
1888
1890
1895
1896
1903
1904
1908
1909
1910
1910
1910
1910
1916
1920
1923
1931
1932
1935
1937
1940
1943
1954
1954
1954
1976
1991
1994
1997
2003
2004
2005
2012
2012
2022
2023
2024
2026
2029
2031
2036
2038
2040
2047
2047
2048
2049
2057
2057
2061
2063
2063
2067
2074
2076
2079
2087
2088
2092
2109
2115
2122
2124
2127
2132
2133
2137
2143
2143
2147
2149
2154
2171
2172
2176
2176
2177
2179
2181
2181
2183
2183
2186
2187
2190
2192
2193
2195
2197
2198
2200
2207
2207
2207
2210
2218
2219
2221
2231
2241
2244
2245
2245
2250
2251
2255
2257
2260
2264
2265
2266
2271
2271
2273
2293
2294
2297
2302
2305
2311
2312
2320
2323
2330
2331
2332
2332
2349
2350
2355
2361
2364
2368
2374
2380
2384
2386
2388
2389
2396
2400
2404
2406
2408
2409
2425
2439
2449
2453
2456
2456
2460
2464
2472
2484
2488
2488
2490
2496
2499
2505
2509
2513
2529
2529
2530
2531
2532
2533
2533
2537
2540
2543
2549
2561
2574
2576
2584
2587
2591
2593
2594
2599
2602
2603
2625
2631
2633
2633
2635
2643
2644
2647
2647
2651
2652
2673
2674
2674
2678
2678
2682
2685
2687
2687
2688
2688
2690
2692
2693
2693
2695
2696
2697
2702
2710
2715
2717
2723
2725
2739
2739
2743
2743
2750
2760
2764
2769
2773
2775
2776
2776
2778
2785
2786
2795
2798
2804
2812
2819
2824
2825
2825
2827
2827
2830
2831
2832
2836
2844
2847
2860
2860
2865
2867
2870
2871
2872
2879
2881
2895
2895
2901
2912
2924
2925
2930
2931
2941
2945
2946
2951
2951
2953
2955
2966
2967
2973
2977
2980
2982
2983
2988
2995
2999
3001
3006
3007
3009
3014
3017
3018
3019
3024
3025
3028
3029
3048
3054
3057
3058
3060
3065
3082
3087
3089
3100
3105
3109
3110
3113
3120
3123
3128
3129
3139
3144
3145
3147
3149
3150
3151
3156
3163
3165
3169
3177
3179
3186
3187
3188
3199
3206
3212
3216
3225
3227
3235
3237
3237
3241
3257
3261
3275
3277
3280
3284
3291
3296
3299
3301
3304
3310
3311
3319
3325
3326
3331
3331
3332
3332
3336
3337
3339
3348
3349
3351
3353
3357
3360
3362
3374
3375
3377
3387
3391
3396
3403
3411
3416
3420
3421
3423
3426
3427
3430
3435
3437
3437
3448
3459
3473
3477
3484
3486
3488
3492
3495
3501
3506
3514
3523
3524
3527
3537
3540
3540
3557
3557
3573
3574
3581
3582
3586
3597
3607
3609
3612
3624
3636
3640
3647
3660
3666
3670
3674
3676
3678
3683
3683
3685
3686
3689
3692
3692
3697
3699
3703
3708
3720
3720
3729
3731
3734
3741
3749
3751
3753
3753
3756
3758
3759
3761
3761
3762
3765
3768
3773
3773
3777
3778
3783
3784
3785
3790
3792
3795
3797
3803
3804
3812
3818
3824
3827
3827
3827
3830
3835
3837
3843
3847
3858
3859
3862
3865
3871
3872
3873
3883
3888
3889
3891
3898
3914
3921
3923
3926
3931
3932
3937
3938
3939
3947
3950
3955
3956
3960
3962
3962
3964
3972
3974
3976
3977
3978
3986
3986
3987
3988
3990
3990
3994
3997
3999
4002
4007
4009
4011
4014
4015
4031
4032
4039
4040
4045
4048
4063
4071
4077
4079
4085
4089
4089
4090
4091
4094
4102
4105
4112
4112
4113
4113
4124
4124
4127
4129
4129
4129
4130
4154
4170
4170
4172
4174
4179
4180
4196
4210
4212
4224
4225
4227
4237
4237
4237
4237
4240
4242
4244
4246
4251
4253
4254
4256
4256
4257
4259
4261
4271
4273
4278
4290
4295
4295
4295
4303
4304
4307
4309
4310
4314
4314
4321
4329
4330
4331
4333
4339
4343
4353
4356
4356
4365
4367
4368
4371
4372
4376
4381
4384
4388
4388
4391
4395
4399
4402
4403
4409
4411
4415
4416
4417
4419
4422
4425
4442
4446
4452
4456
4457
4458
4459
4462
4477
4479
4479
4482
4486
4488
4493
4498
4513
4518
4521
4522
4528
4532
4533
4534
4534
4534
4535
4543
4546
4548
4551
4552
4554
4556
4560
4562
4563
4573
4576
4576
4580
4585
4585
4586
4588
4589
4590
4592
4593
4607
4623
4627
4643
4643
4644
4646
4647
4651
4663
4666
4668
4676
4676
4677
4681
4681
4682
4682
4685
4688
4689
4698
4699
4702
4706
4706
4710
4712
4719
4728
4740
4744
4746
4750
4753
4756
4757
4762
4766
4770
4772
4778
4782
4783
4783
4785
4796
4802
4804
4806
4808
4810
4814
4815
4820
4822
4823
4823
4832
4839
4841
4844
4847
4852
4853
4856
4872
4873
4874
4880
4891
4892
4902
4902
4905
4909
4911
4912
4913
4915
4920
4926
4926
4926
4931
4951
4953
4954
4965
4969
4969
4971
4977
4984
4989
4990
