4990
4989
4984
4977
4971
4969
4969
4965
4954
4953
4951
4931
4926
4926
4926
4920
4915
4913
4912
4911
4909
4905
4902
4902
4892
4891
4880
4874
4873
4872
4856
4853
4852
4847
4844
4841
4839
4832
4823
4823
4822
4820
4815
4814
4810
4808
4806
4804
4802
4796
4785
4783
4783
4782
4778
4772
4770
4766
4762
4757
4756
4753
4750
4746
4744
4740
4728
4719
4712
4710
4706
4706
4702
4699
4698
4689
4688
4685
4682
4682
4681
4681
4677
4676
4676
4668
4666
4663
4651
4647
4646
4644
4643
4643
4627
4623
4607
4593
4592
4590
4589
4588
4586
4585
4585
4580
4576
4576
4573
4563
4562
4560
4556
4554
4552
4551
4548
4546
4543
4535
4534
4534
4534
4533
4532
4528
4522
4521
4518
4513
4498
4493
4488
4486
4482
4479
4479
4477
4462
4459
4458
4457
4456
4452
4446
4442
4425
4422
4419
4417
4416
4415
4411
4409
4403
4402
4399
4395
4391
4388
4388
4384
4381
4376
4372
4371
4368
4367
4365
4356
4356
4353
4343
4339
4333
4331
4330
4329
4321
4314
4314
4310
4309
4307
4304
4303
4295
4295
4295
4290
4278
4273
4271
4261
4259
4257
4256
4256
4254
4253
4251
4246
4244
4242
4240
4237
4237
4237
4237
4227
4225
4224
4212
4210
4196
4180
4179
4174
4172
4170
4170
4154
4130
4129
4129
4129
4127
4124
4124
4113
4113
4112
4112
4105
4102
4094
4091
4090
4089
4089
4085
4079
4077
4071
4063
4048
4045
4040
4039
4032
4031
4015
4014
4011
4009
4007
4002
3999
3997
3994
3990
3990
3988
3987
3986
3986
3978
3977
3976
3974
3972
3964
3962
3962
3960
3956
3955
3950
3947
3939
3938
3937
3932
3931
3926
3923
3921
3914
3898
3891
3889
3888
3883
3873
3872
3871
3865
3862
3859
3858
3847
3843
3837
3835
3830
3827
3827
3827
3824
3818
3812
3804
3803
3797
3795
3792
3790
3785
3784
3783
3778
3777
3773
3773
3768
3765
3762
3761
3761
3759
3758
3756
3753
3753
3751
3749
3741
3734
3731
3729
3720
3720
3708
3703
3699
3697
3692
3692
3689
3686
3685
3683
3683
3678
3676
3674
3670
3666
3660
3647
3640
3636
3624
3612
3609
3607
3597
3586
3582
3581
3574
3573
3557
3557
3540
3540
3537
3527
3524
3523
3514
3506
3501
3495
3492
3488
3486
3484
3477
3473
3459
3448
3437
3437
3435
3430
3427
3426
3423
3421
3420
3416
3411
3403
3396
3391
3387
3377
3375
3374
3362
3360
3357
3353
3351
3349
3348
3339
3337
3336
3332
3332
3331
3331
3326
3325
3319
3311
3310
3304
3301
3299
3296
3291
3284
3280
3277
3275
3261
3257
3241
3237
3237
3235
3227
3225
3216
3212
3206
3199
3188
3187
3186
3179
3177
3169
3165
3163
3156
3151
3150
3149
3147
3145
3144
3139
3129
3128
3123
3120
3113
3110
3109
3105
3100
3089
3087
3082
3065
3060
3058
3057
3054
3048
3029
3028
3025
3024
3019
3018
3017
3014
3009
3007
3006
3001
2999
2995
2988
2983
2982
2980
2977
2973
2967
2966
2955
2953
2951
2951
2946
2945
2941
2931
2930
2925
2924
2912
2901
2895
2895
2881
2879
2872
2871
2870
2867
2865
2860
2860
2847
2844
2836
2832
2831
2830
2827
2827
2825
2825
2824
2819
2812
2804
2798
2795
2786
2785
2778
2776
2776
2775
2773
2769
2764
2760
2750
2743
2743
2739
2739
2725
2723
2717
2715
2710
2702
2697
2696
2695
2693
2693
2692
2690
2688
2688
2687
2687
2685
2682
2678
2678
2674
2674
2673
2652
2651
2647
2647
2644
2643
2635
2633
2633
2631
2625
2603
2602
2599
2594
2593
2591
2587
2584
2576
2574
2561
2549
2543
2540
2537
2533
2533
2532
2531
2530
2529
2529
2513
2509
2505
2499
2496
2490
2488
2488
2484
2472
2464
2460
2456
2456
2453
2449
2439
2425
2409
2408
2406
2404
2400
2396
2389
2388
2386
2384
2380
2374
2368
2364
2361
2355
2350
2349
2332
2332
2331
2330
2323
2320
2312
2311
2305
2302
2297
2294
2293
2273
2271
2271
2266
2265
2264
2260
2257
2255
2251
2250
2245
2245
2244
2241
2231
2221
2219
2218
2210
2207
2207
2207
2200
2198
2197
2195
2193
2192
2190
2187
2186
2183
2183
2181
2181
2179
2177
2176
2176
2172
2171
2154
2149
2147
2143
2143
2137
2133
2132
2127
2124
2122
2115
2109
2092
2088
2087
2079
2076
2074
2067
2063
2063
2061
2057
2057
2049
2048
2047
2047
2040
2038
2036
2031
2029
2026
2024
2023
2022
2012
2012
2005
2004
2003
1997
1994
1991
1976
1954
1954
1954
1943
1940
1937
1935
1932
1931
1923
1920
1916
1910
1910
1910
1910
1909
1908
1904
1903
1896
1895
1890
1888
1885
1882
1881
1876
1860
1859
1858
1856
1856
1848
1834
1834
1829
1815
1812
1809
1803
1793
1784
1783
1782
1781
1774
1761
1742
1741
1738
1735
1733
1723
1720
1718
1716
1712
1708
1707
1703
1702
1690
1684
1674
1674
1673
1671
1666
1659
1654
1646
1642
1638
1632
1631
1627
1624
1624
1620
1614
1611
1605
1601
1601
1599
1594
1592
1584
1583
1576
1572
1569
1568
1565
1563
1563
1562
1560
1560
1558
1551
1549
1548
1542
1538
1532
1531
1529
1527
1523
1518
1518
1511
1508
1505
1500
1492
1487
1475
1474
1467
1463
1460
1459
1451
1448
1441
1438
1428
1425
1419
1419
1410
1406
1404
1401
1396
1390
1389
1387
1382
1381
1378
1365
1364
1352
1350
1350
1349
1347
1346
1335
1333
1333
1332
1332
1330
1324
1322
1319
1316
1306
1301
1301
1299
1296
1295
1285
1285
1278
1266
1259
1251
1245
1245
1242
1236
1235
1231
1228
1228
1228
1225
1223
1222
1213
1212
1212
1211
1211
1207
1201
1199
1197
1197
1191
1180
1176
1170
1169
1164
1163
1153
1148
1146
1145
1144
1139
1137
1135
1132
1127
1127
1121
1120
1116
1113
1113
1111
1108
1104
1092
1083
1067
1066
1061
1057
1056
1055
1055
1054
1049
1049
1047
1037
1026
1025
1024
1023
1022
1016
1013
1004
