5000
5000
5000
4999
4999
4999
4999
4999
4998
4998
4998
4998
4997
4997
4997
4997
4996
4996
4996
4996
4995
4994
4993
4993
4992
4992
4992
4991
4991
4991
4991
4991
4991
4990
4990
4989
4988
4988
4988
4987
4986
4986
4986
4986
4985
4985
4984
4983
4983
4983
4983
4982
4982
4981
4980
4979
4979
4979
4979
4979
4978
4978
4978
4977
4977
4977
4977
4976
4976
4976
4976
4975
4974
4974
4974
4973
4973
4972
4971
4971
4971
4970
4970
4969
4969
4969
4969
4968
4967
4967
4967
4967
4965
4965
4964
4963
4963
4963
4962
4961
4960
4960
4960
4959
4959
4958
4958
4957
4957
4956
4956
4956
4956
4955
4955
4954
4954
4954
4954
4954
4954
4953
4953
4952
4952
4951
4951
4951
4950
4949
4949
4949
4949
4949
4949
4948
4948
4947
4947
4946
4946
4946
4946
4945
4945
4945
4944
4944
4943
4943
4943
4943
4941
4941
4941
4941
4940
4940
4940
4939
4939
4939
4938
4938
4938
4937
4937
4937
4935
4935
4934
4934
4934
4933
4933
4933
4932
4932
4932
4932
4931
4930
4930
4929
4929
4929
4928
4927
4926
4926
4924
4924
4923
4923
4923
4922
4922
4922
4922
4922
4921
4921
4921
4921
4920
4920
4919
4919
4919
4919
4919
4918
4918
4918
4918
4916
4915
4914
4914
4914
4913
4913
4912
4912
4911
4911
4911
4911
4910
4910
4909
4909
4909
4909
4908
4907
4906
4906
4905
4905
4905
4904
4904
4904
4903
4903
4902
4901
4901
4900
4900
4900
4900
4900
4899
4898
4897
4897
4897
4896
4896
4896
4895
4895
4893
4893
4892
4892
4891
4891
4890
4889
4889
4889
4889
4889
4888
4888
4888
4888
4888
4887
4887
4886
4885
4885
4884
4884
4884
4884
4883
4883
4883
4882
4882
4881
4881
4881
4880
4880
4880
4879
4879
4879
4879
4879
4879
4879
4878
4878
4878
4877
4877
4876
4876
4875
4875
4874
4873
4873
4871
4871
4870
4870
4870
4869
4869
4869
4869
4868
4867
4867
4867
4867
4867
4866
4864
4862
4862
4861
4860
4860
4860
4860
4859
4858
4858
4857
4857
4856
4856
4856
4856
4855
4855
4855
4855
4855
4854
4854
4854
4852
4852
4852
4851
4851
4850
4850
4850
4849
4848
4847
4847
4847
4846
4846
4846
4846
4845
4844
4844
4844
4843
4843
4843
4842
4841
4841
4840
4840
4840
4839
4839
4839
4839
4839
4839
4838
4838
4838
4836
4836
4835
4835
4835
4835
4835
4835
4835
4834
4834
4833
4833
4832
4832
4832
4832
4831
4831
4831
4830
4830
4830
4829
4829
4828
4828
4828
4828
4827
4826
4826
4825
4825
4825
4825
4825
4825
4824
4824
4824
4823
4823
4823
4823
4823
4823
4822
4822
4822
4822
4822
4821
4821
4821
4820
4820
4819
4819
4818
4818
4818
4817
4817
4817
4817
4816
4816
4816
4815
4815
4814
4814
4814
4813
4813
4813
4812
4812
4811
4810
4810
4809
4809
4808
4808
4807
4807
4807
4805
4804
4803
4803
4801
4801
4801
4801
4800
4800
4799
4799
4799
4798
4798
4798
4796
4796
4795
4795
4795
4795
4795
4794
4793
4793
4792
4792
4791
4791
4791
4791
4790
4790
4789
4789
4789
4788
4788
4788
4787
4787
4785
4785
4784
4784
4783
4783
4783
4782
4782
4782
4781
4781
4779
4779
4779
4779
4779
4779
4778
4778
4778
4777
4777
4777
4777
4776
4776
4776
4775
4775
4775
4774
4774
4774
4773
4773
4773
4773
4773
4772
4772
4772
4772
4771
4771
4771
4770
4770
4770
4769
4769
4769
4769
4768
4768
4768
4767
4767
4767
4767
4764
4764
4764
4763
4763
4763
4763
4762
4762
4761
4761
4761
4760
4760
4759
4759
4758
4758
4758
4758
4757
4757
4756
4755
4754
4754
4753
4753
4753
4753
4753
4752
4752
4752
4752
4751
4751
4751
4750
4749
4748
4748
4748
4748
4747
4747
4746
4745
4744
4744
4744
4744
4743
4743
4743
4742
4741
4741
4741
4740
4740
4738
4738
4738
4738
4738
4738
4737
4737
4736
4736
4735
4733
4733
4733
4732
4731
4731
4731
4729
4728
4727
4726
4726
4725
4725
4725
4725
4724
4724
4724
4724
4723
4722
4722
4722
4721
4720
4720
4720
4719
4719
4719
4718
4717
4717
4717
4717
4717
4716
4716
4715
4715
4714
4714
4714
4714
4713
4713
4712
4712
4712
4712
4711
4711
4710
4710
4710
4710
4709
4709
4709
4709
4708
4708
4708
4708
4708
4708
4707
4706
4706
4705
4704
4704
4703
4703
4703
4702
4702
4700
4700
4699
4698
4698
4698
4698
4698
4697
4697
4697
4697
4696
4696
4696
4696
4695
4695
4695
4695
4695
4694
4693
4693
4693
4693
4691
4691
4690
4690
4690
4690
4690
4689
4689
4689
4688
4688
4688
4688
4687
4687
4687
4686
4685
4684
4684
4684
4683
4683
4683
4682
4682
4682
4682
4681
4681
4681
4680
4680
4680
4680
4679
4679
4677
4677
4676
4676
4676
4676
4675
4674
4673
4673
4673
4673
4673
4672
4671
4671
4670
4670
4669
4669
4668
4668
4668
4667
4667
4666
4666
4665
4665
4665
4665
4665
4665
4665
4665
4664
4664
4663
4663
4661
4661
4661
4661
4660
4660
4660
4660
4659
4659
4659
4659
4657
4657
4657
4657
4656
4656
4656
4655
4654
4654
4654
4652
4652
4651
4650
4649
4649
4648
4648
4648
4648
4648
4647
4647
4647
4647
4646
4645
4645
4645
4644
4644
4643
4643
4642
4642
4641
4641
4641
4640
4640
4640
4640
4639
4638
4637
4637
4637
4637
4637
4637
4637
4637
4637
4635
4634
4634
4634
4634
4634
4634
4634
4634
4633
4633
4633
4632
4632
4632
4631
4631
4631
4630
4630
4630
4630
4630
4630
4629
4629
4629
4629
4629
4629
4628
4627
4627
4627
4626
4626
4626
4625
4625
4624
4624
4624
4624
4624
4624
4623
4623
4623
4622
4621
4621
4621
4620
4620
4620
4620
4618
4618
4618
4617
4617
4617
4615
4614
4614
4613
4613
4612
4612
4612
4612
4611
4609
4608
4608
4608
4608
4606
4605
4605
4605
4604
4604
4603
4603
4603
4603
4603
4602
4602
4602
4601
4601
4600
4599
4599
4599
4597
4597
4597
4597
4596
4595
4595
4595
4595
4595
4594
4593
4593
4592
4591
4591
4591
4591
4590
4590
4589
4589
4588
4587
4586
4586
4586
4586
4585
4585
4585
4584
4584
4583
4583
4583
4582
4582
4582
4581
4581
4580
4580
4579
4579
4578
4578
4578
4577
4577
4577
4577
4577
4576
4576
4575
4574
4574
4573
4573
4572
4571
4571
4571
4570
4570
4570
4569
4569
4569
4566
4565
4565
4565
4565
4564
4564
4564
4563
4563
4563
4563
4563
4562
4562
4562
4562
4561
4561
4561
4561
4560
4559
4559
4559
4559
4559
4558
4558
4558
4558
4558
4557
4557
4556
4555
4555
4555
4555
4554
4554
4554
4553
4552
4552
4550
4550
4550
4549
4548
4548
4548
4548
4547
4547
4547
4546
4546
4546
4546
4544
4544
4543
4543
4542
4542
4542
4542
4542
4541
4541
4541
4541
4540
4540
4540
4539
4539
4538
4537
4537
4536
4536
4534
4533
4533
4533
4533
4533
4533
4532
4531
4531
4530
4529
4529
4528
4528
4528
4528
4528
4528
4527
4526
4526
4526
4526
4525
4525
4525
4525
4525
4525
4525
4524
4524
4524
4524
4523
4523
4522
4522
4522
4522
4522
4521
4521
4519
4519
4519
4518
4518
4518
4518
4517
4517
4517
4516
4516
4516
4516
4515
4514
4514
4514
4513
4513
4512
4512
4512
4511
4511
4511
4511
4510
4510
4510
4509
4509
4509
4509
4507
4507
4506
4504
4504
4503
4503
4502
4502
4502
4501
4501
4501
4501
4501
4500
4500
4500
4498
4498
4498
4496
4496
4496
4495
4495
4493
4493
4492
4492
4491
4490
4490
4490
4490
4490
4489
4488
4488
4488
4488
4488
4487
4486
4486
4485
4485
4484
4484
4483
4483
4483
4483
4483
4482
4482
4482
4481
4479
4479
4479
4478
4477
4477
4476
4476
4476
4476
4476
4475
4475
4475
4474
4474
4473
4473
4472
4472
4472
4472
4471
4471
4471
4471
4470
4469
4469
4469
4468
4468
4467
4467
4466
4466
4465
4464
4463
4463
4463
4463
4463
4463
4462
4461
4461
4461
4461
4460
4460
4460
4459
4459
4459
4459
4458
4457
4457
4457
4456
4456
4456
4455
4455
4455
4455
4454
4454
4454
4454
4454
4453
4453
4452
4452
4451
4451
4450
4450
4449
4449
4448
4447
4447
4446
4446
4446
4445
4445
4445
4445
4445
4444
4444
4443
4443
4443
4442
4442
4442
4441
4441
4441
4440
4439
4438
4438
4438
4437
4437
4437
4437
4435
4435
4435
4435
4434
4434
4433
4433
4433
4432
4432
4432
4432
4431
4431
4431
4430
4430
4430
4430
4429
4428
4428
4428
4427
4427
4426
4426
4426
4426
4426
4426
4425
4424
4424
4423
4422
4422
4422
4421
4420
4420
4419
4419
4419
4419
4419
4419
4419
4417
4417
4417
4416
4416
4415
4415
4415
4415
4414
4413
4412
4412
4412
4411
4411
4411
4411
4410
4410
4410
4409
4409
4409
4408
4407
4407
4407
4407
4406
4406
4406
4405
4405
4405
4404
4403
4403
4403
4403
4403
4402
4402
4401
4401
4401
4400
4400
4399
4398
4398
4398
4397
4397
4397
4395
4395
4394
4394
4394
4393
4392
4392
4392
4391
4391
4391
4390
4390
4389
4388
4388
4388
4386
4385
4384
4384
4384
4384
4382
4382
4382
4382
4381
4380
4380
4380
4380
4380
4379
4379
4379
4379
4379
4378
4378
4378
4377
4377
4377
4377
4376
4375
4374
4374
4374
4374
4373
4373
4373
4372
4371
4370
4369
4369
4368
4368
4368
4368
4368
4368
4368
4368
4367
4367
4367
4366
4366
4365
4365
4365
4365
4365
4364
4364
4364
4364
4364
4363
4363
4363
4362
4362
4361
4361
4360
4359
4359
4358
4357
4357
4357
4356
4356
4355
4354
4354
4354
4353
4353
4353
4352
4352
4352
4352
4351
4350
4350
4350
4349
4348
4347
4347
4346
4346
4345
4345
4345
4344
4343
4343
4342
4341
4341
4341
4341
4340
4340
4340
4340
4340
4339
4338
4338
4338
4338
4337
4337
4336
4336
4335
4334
4334
4334
4333
4333
4333
4332
4332
4332
4331
4331
4330
4329
4329
4329
4327
4327
4327
4327
4326
4326
4326
4326
4326
4325
4325
4325
4325
4325
4324
4324
4324
4324
4323
4323
4323
4323
4323
4323
4322
4322
4322
4322
4321
4321
4321
4321
4320
4320
4318
4318
4318
4318
4317
4317
4317
4317
4316
4316
4315
4314
4313
4313
4313
4312
4312
4312
4312
4311
4310
4309
4309
4309
4309
4307
4307
4306
4306
4305
4304
4304
4303
4303
4303
4302
4302
4302
4302
4301
4301
4301
4300
4300
4300
4300
4299
4299
4299
4299
4299
4299
4299
4298
4298
4298
4297
4296
4296
4295
4294
4294
4294
4293
4293
4293
4293
4293
4292
4292
4292
4292
4291
4290
4290
4289
4289
4289
4288
4288
4287
4287
4287
4286
4286
4286
4286
4285
4285
4285
4284
4284
4283
4283
4283
4283
4283
4283
4282
4282
4282
4281
4279
4279
4278
4278
4278
4278
4277
4277
4277
4277
4276
4276
4276
4276
4276
4275
4275
4275
4275
4274
4274
4274
4274
4274
4274
4273
4273
4273
4273
4273
4272
4272
4272
4271
4269
4269
4269
4268
4268
4268
4268
4267
4266
4266
4264
4264
4264
4263
4263
4262
4262
4262
4262
4261
4261
4260
4259
4257
4257
4256
4256
4256
4256
4256
4255
4255
4254
4254
4252
4252
4251
4251
4251
4251
4251
4250
4250
4249
4249
4249
4249
4249
4249
4248
4247
4247
4246
4245
4244
4244
4244
4244
4243
4243
4243
4242
4242
4242
4242
4241
4241
4240
4240
4239
4239
4238
4238
4238
4238
4238
4238
4237
4237
4236
4236
4236
4236
4235
4235
4234
4234
4234
4233
4233
4232
4232
4231
4231
4231
4230
4230
4230
4229
4229
4228
4228
4228
4228
4227
4227
4227
4227
4227
4226
4225
4225
4225
4224
4224
4223
4222
4222
4222
4221
4220
4220
4220
4219
4219
4218
4218
4218
4217
4217
4217
4216
4216
4216
4215
4215
4215
4214
4214
4214
4214
4213
4212
4211
4211
4211
4211
4211
4210
4210
4210
4209
4209
4209
4209
4209
4208
4208
4208
4208
4207
4207
4207
4206
4206
4206
4206
4205
4205
4204
4204
4203
4203
4203
4203
4203
4202
4202
4202
4202
4202
4201
4201
4200
4200
4199
4199
4199
4197
4197
4197
4196
4196
4196
4195
4195
4194
4194
4193
4193
4192
4191
4191
4190
4190
4189
4188
4188
4188
4187
4187
4186
4184
4184
4184
4184
4184
4183
4183
4182
4181
4181
4181
4181
4180
4180
4180
4180
4179
4179
4179
4178
4178
4177
4177
4177
4177
4177
4176
4176
4175
4175
4174
4174
4172
4172
4172
4172
4170
4169
4169
4168
4167
4166
4166
4165
4165
4165
4165
4165
4164
4164
4164
4164
4163
4163
4163
4163
4162
4161
4161
4161
4161
4161
4161
4160
4160
4159
4159
4159
4159
4158
4157
4157
4156
4155
4155
4155
4155
4155
4154
4153
4153
4153
4152
4152
4152
4151
4151
4151
4151
4150
4150
4150
4149
4149
4147
4146
4146
4146
4145
4145
4144
4144
4144
4144
4143
4143
4143
4142
4141
4141
4140
4139
4139
4138
4138
4138
4138
4137
4137
4136
4136
4136
4136
4135
4135
4135
4135
4135
4134
4134
4134
4133
4133
4133
4132
4132
4132
4131
4131
4131
4131
4131
4131
4131
4131
4130
4130
4129
4129
4128
4128
4128
4127
4127
4126
4125
4125
4125
4124
4124
4124
4123
4123
4123
4123
4123
4123
4122
4120
4120
4119
4119
4119
4119
4119
4118
4117
4117
4117
4117
4117
4116
4115
4115
4115
4114
4114
4113
4113
4112
4111
4111
4111
4110
4110
4110
4110
4109
4109
4109
4108
4108
4107
4106
4106
4106
4105
4105
4104
4104
4103
4103
4103
4102
4102
4102
4102
4101
4101
4101
4101
4100
4100
4100
4099
4099
4099
4099
4098
4098
4098
4098
4097
4097
4096
4096
4096
4095
4094
4094
4094
4094
4093
4093
4093
4093
4093
4093
4093
4093
4092
4092
4091
4091
4091
4090
4090
4090
4089
4089
4089
4089
4088
4088
4087
4087
4085
4085
4084
4084
4083
4083
4083
4083
4082
4082
4082
4082
4082
4082
4082
4082
4081
4081
4081
4081
4080
4080
4080
4080
4079
4079
4079
4079
4079
4078
4077
4077
4077
4077
4076
4076
4075
4075
4075
4075
4075
4074
4074
4073
4073
4073
4073
4072
4072
4071
4071
4071
4071
4070
4070
4070
4069
4068
4068
4067
4067
4066
4066
4066
4066
4065
4065
4065
4064
4064
4063
4063
4063
4063
4062
4062
4062
4061
4061
4060
4060
4060
4059
4059
4058
4057
4057
4057
4056
4055
4054
4053
4053
4053
4052
4052
4052
4051
4051
4051
4051
4051
4051
4050
4050
4050
4049
4049
4048
4047
4047
4046
4046
4045
4045
4045
4044
4043
4043
4043
4043
4042
4042
4037
4036
4036
4036
4035
4035
4035
4035
4034
4034
4034
4033
4033
4033
4032
4031
4031
4031
4031
4031
4031
4031
4031
4030
4030
4030
4030
4030
4030
4029
4029
4029
4029
4028
4028
4027
4027
4027
4027
4027
4026
4026
4026
4025
4025
4024
4023
4023
4022
4022
4022
4021
4021
4020
4020
4020
4019
4019
4018
4018
4018
4017
4017
4016
4016
4016
4016
4015
4015
4015
4015
4015
4013
4013
4013
4013
4012
4012
4012
4012
4012
4011
4010
4010
4009
4009
4009
4008
4008
4008
4008
4007
4007
4007
4007
4005
4004
4004
4003
4003
4002
4002
4002
4002
4002
4002
4001
4000
4000
4000
4000
4000
3999
3999
3999
3999
3998
3998
3997
3997
3996
3996
3996
3996
3995
3995
3995
3995
3995
3995
3994
3994
3994
3993
3993
3992
3992
3992
3991
3991
3991
3990
3990
3990
3990
3989
3989
3988
3987
3986
3986
3985
3985
3985
3985
3984
3984
3984
3983
3983
3982
3981
3981
3980
3979
3978
3978
3977
3977
3976
3975
3975
3974
3974
3974
3974
3973
3971
3971
3970
3970
3970
3970
3968
3968
3968
3968
3968
3968
3968
3967
3967
3967
3967
3967
3965
3965
3964
3964
3964
3964
3964
3963
3962
3961
3961
3960
3959
3958
3957
3957
3956
3956
3955
3955
3955
3954
3954
3954
3953
3952
3952
3951
3951
3950
3950
3950
3950
3950
3949
3949
3949
3949
3949
3949
3948
3948
3948
3948
3946
3946
3946
3945
3945
3944
3942
3942
3941
3941
3941
3940
3940
3940
3940
3939
3939
3939
3939
3938
3938
3938
3938
3938
3937
3937
3935
3935
3934
3934
3934
3933
3933
3933
3933
3932
3932
3931
3931
3930
3928
3928
3927
3927
3927
3927
3926
3925
3925
3925
3925
3924
3923
3923
3922
3921
3919
3919
3919
3919
3919
3918
3918
3918
3915
3915
3914
3914
3914
3913
3913
3912
3912
3912
3911
3911
3910
3910
3910
3910
3910
3910
3910
3909
3909
3908
3908
3906
3906
3906
3906
3905
3903
3903
3903
3902
3902
3902
3902
3901
3901
3901
3901
3901
3901
3900
3898
3898
3898
3897
3897
3897
3896
3896
3895
3895
3895
3895
3893
3893
3893
3892
3892
3892
3892
3891
3891
3891
3891
3890
3889
3889
3888
3888
3888
3887
3887
3886
3885
3884
3884
3884
3884
3884
3884
3883
3883
3883
3882
3882
3882
3882
3882
3881
3881
3881
3880
3880
3880
3879
3879
3878
3877
3877
3877
3876
3876
3874
3874
3873
3873
3873
3873
3872
3872
3872
3872
3872
3872
3872
3871
3871
3871
3870
3870
3870
3870
3870
3870
3868
3867
3867
3866
3866
3866
3866
3866
3865
3865
3865
3864
3863
3863
3863
3863
3863
3863
3862
3862
3862
3861
3861
3860
3859
3859
3858
3858
3858
3857
3857
3857
3857
3857
3856
3856
3856
3856
3856
3856
3856
3855
3854
3854
3853
3852
3851
3850
3849
3849
3849
3848
3848
3847
3847
3847
3846
3846
3846
3846
3846
3845
3844
3844
3844
3844
3844
3843
3843
3843
3843
3842
3842
3842
3841
3840
3840
3840
3840
3839
3839
3839
3838
3838
3838
3837
3837
3837
3836
3836
3835
3834
3833
3833
3833
3831
3831
3830
3829
3829
3829
3829
3829
3829
3828
3828
3827
3827
3825
3825
3824
3824
3824
3824
3824
3823
3822
3822
3821
3821
3821
3821
3821
3820
3820
3820
3819
3818
3818
3818
3816
3816
3815
3814
3814
3814
3813
3813
3812
3811
3811
3810
3810
3810
3810
3810
3810
3809
3809
3809
3809
3809
3809
3809
3807
3807
3807
3807
3806
3806
3806
3806
3804
3803
3803
3802
3802
3802
3801
3801
3801
3800
3800
3799
3799
3799
3798
3798
3797
3797
3797
3797
3795
3794
3794
3794
3794
3794
3793
3792
3792
3791
3791
3791
3791
3790
3790
3789
3789
3788
3788
3787
3786
3786
3785
3783
3783
3783
3782
3782
3781
3781
3781
3780
3780
3780
3779
3778
3778
3778
3778
3778
3778
3777
3776
3776
3776
3775
3775
3775
3774
3774
3774
3773
3772
3771
3771
3771
3769
3769
3769
3768
3768
3767
3767
3767
3766
3765
3764
3764
3764
3763
3763
3762
3761
3761
3761
3761
3760
3760
3760
3760
3759
3759
3758
3758
3757
3756
3756
3756
3755
3755
3754
3754
3754
3753
3752
3752
3752
3751
3750
3750
3749
3749
3749
3748
3747
3746
3746
3745
3745
3744
3744
3743
3742
3742
3742
3741
3741
3741
3741
3740
3740
3740
3739
3738
3738
3735
3735
3735
3735
3735
3735
3734
3734
3734
3734
3733
3733
3733
3732
3730
3729
3729
3729
3728
3728
3727
3726
3726
3725
3725
3725
3725
3725
3725
3725
3725
3725
3724
3724
3724
3723
3723
3722
3722
3722
3722
3721
3721
3721
3720
3719
3719
3719
3718
3718
3718
3718
3717
3717
3717
3715
3715
3714
3713
3713
3713
3713
3713
3713
3712
3712
3712
3712
3711
3711
3711
3711
3710
3710
3710
3709
3709
3708
3708
3707
3707
3707
3707
3706
3706
3706
3706
3706
3706
3706
3704
3704
3704
3703
3703
3703
3703
3703
3703
3703
3702
3702
3702
3701
3701
3700
3700
3699
3699
3698
3698
3698
3698
3696
3695
3695
3695
3695
3695
3694
3694
3694
3693
3692
3691
3691
3691
3691
3691
3691
3690
3689
3688
3688
3687
3687
3687
3686
3686
3685
3685
3685
3684
3684
3684
3683
3683
3682
3681
3681
3681
3681
3680
3680
3680
3679
3679
3678
3678
3678
3677
3677
3677
3677
3676
3675
3675
3675
3674
3674
3674
3673
3673
3672
3671
3671
3671
3670
3669
3668
3667
3667
3667
3666
3666
3665
3665
3665
3664
3663
3663
3662
3660
3660
3660
3660
3659
3659
3658
3658
3658
3658
3658
3657
3657
3657
3657
3656
3656
3655
3655
3655
3654
3654
3653
3653
3652
3651
3651
3651
3650
3650
3649
3649
3649
3649
3648
3647
3646
3646
3645
3645
3644
3643
3642
3642
3642
3642
3641
3641
3639
3639
3638
3637
3637
3636
3636
3636
3636
3635
3635
3635
3635
3631
3631
3631
3631
3630
3630
3629
3629
3629
3628
3628
3628
3628
3628
3627
3627
3626
3625
3625
3624
3624
3623
3623
3622
3621
3621
3621
3619
3618
3618
3617
3616
3616
3616
3615
3614
3614
3614
3613
3613
3612
3612
3612
3611
3611
3611
3611
3611
3611
3610
3609
3609
3609
3608
3608
3608
3606
3606
3606
3605
3605
3604
3603
3603
3603
3603
3602
3601
3601
3600
3599
3599
3599
3598
3598
3598
3598
3597
3597
3597
3596
3595
3595
3594
3594
3594
3594
3594
3593
3593
3592
3591
3590
3590
3589
3589
3589
3589
3589
3588
3588
3588
3587
3586
3586
3586
3586
3586
3585
3585
3584
3583
3583
3583
3583
3583
3582
3582
3582
3582
3580
3579
3579
3578
3578
3577
3576
3576
3576
3575
3574
3574
3574
3573
3573
3573
3572
3572
3572
3570
3570
3570
3569
3569
3568
3568
3567
3566
3566
3566
3566
3565
3565
3565
3565
3565
3563
3562
3561
3561
3560
3560
3559
3559
3558
3557
3557
3557
3557
3557
3556
3556
3556
3556
3556
3556
3556
3555
3555
3554
3553
3553
3552
3552
3552
3551
3551
3551
3550
3550
3550
3550
3550
3548
3548
3547
3546
3546
3546
3546
3545
3545
3545
3545
3543
3542
3541
3540
3540
3540
3540
3539
3539
3539
3539
3538
3538
3538
3538
3537
3537
3537
3537
3536
3536
3536
3534
3534
3534
3534
3533
3533
3532
3532
3531
3531
3531
3531
3531
3531
3530
3530
3529
3529
3529
3529
3529
3529
3527
3527
3527
3527
3527
3526
3526
3526
3525
3525
3525
3525
3524
3524
3524
3524
3524
3524
3524
3524
3523
3523
3523
3523
3523
3523
3523
3522
3522
3522
3521
3521
3520
3520
3520
3519
3519
3519
3519
3519
3518
3518
3515
3514
3513
3513
3512
3511
3511
3511
3511
3510
3510
3509
3508
3508
3508
3507
3507
3507
3507
3506
3505
3505
3505
3505
3504
3502
3502
3502
3502
3501
3501
3501
3500
3500
3500
3500
3499
3499
3499
3498
3497
3497
3497
3497
3496
3496
3496
3495
3495
3495
3494
3494
3494
3493
3492
3492
3492
3490
3490
3490
3490
3490
3489
3489
3489
3489
3488
3488
3487
3487
3487
3486
3486
3485
3485
3484
3484
3483
3483
3483
3482
3481
3481
3481
3481
3480
3479
3479
3478
3478
3478
3477
3477
3477
3477
3477
3476
3476
3476
3476
3476
3475
3474
3474
3474
3474
3474
3474
3474
3474
3473
3472
3472
3472
3471
3471
3470
3470
3470
3470
3470
3469
3468
3468
3468
3467
3467
3466
3465
3465
3465
3465
3464
3464
3464
3463
3463
3463
3463
3461
3461
3461
3460
3460
3459
3459
3458
3458
3458
3457
3457
3456
3456
3456
3455
3455
3454
3454
3453
3453
3453
3452
3452
3451
3451
3451
3451
3450
3450
3449
3448
3448
3447
3447
3446
3446
3446
3446
3445
3445
3445
3444
3444
3444
3444
3444
3444
3443
3443
3443
3442
3442
3440
3439
3438
3438
3438
3437
3437
3437
3437
3436
3436
3436
3435
3434
3434
3433
3433
3432
3432
3431
3431
3431
3431
3430
3429
3429
3429
3428
3428
3427
3427
3426
3426
3426
3426
3426
3425
3424
3423
3423
3422
3422
3422
3422
3421
3421
3421
3420
3420
3420
3419
3419
3418
3418
3417
3416
3415
3415
3415
3415
3414
3413
3413
3412
3412
3412
3412
3412
3411
3411
3411
3411
3410
3410
3410
3410
3410
3409
3408
3408
3408
3408
3407
3407
3406
3406
3405
3404
3403
3403
3403
3400
3400
3399
3399
3398
3398
3398
3397
3397
3397
3396
3395
3395
3394
3394
3394
3394
3393
3393
3393
3393
3392
3392
3390
3390
3390
3390
3389
3388
3388
3387
3387
3387
3386
3386
3386
3385
3385
3385
3384
3384
3382
3382
3382
3381
3381
3381
3380
3379
3379
3377
3376
3375
3375
3375
3375
3375
3375
3375
3374
3374
3374
3374
3373
3372
3372
3372
3372
3371
3370
3369
3369
3368
3368
3367
3367
3367
3366
3366
3366
3365
3365
3365
3365
3365
3365
3364
3364
3364
3363
3362
3362
3362
3361
3361
3360
3360
3360
3359
3358
3358
3357
3357
3355
3355
3355
3354
3352
3352
3352
3352
3351
3351
3351
3350
3350
3350
3350
3349
3349
3349
3348
3348
3348
3347
3346
3346
3346
3345
3345
3345
3344
3344
3344
3344
3344
3343
3343
3343
3343
3343
3342
3342
3342
3342
3342
3342
3342
3342
3341
3341
3341
3341
3341
3341
3341
3341
3340
3340
3340
3339
3339
3339
3338
3338
3337
3337
3337
3336
3334
3334
3334
3334
3333
3333
3332
3332
3332
3332
3331
3331
3331
3330
3329
3329
3327
3327
3327
3327
3327
3327
3327
3327
3327
3326
3326
3326
3326
3325
3324
3324
3324
3324
3323
3323
3323
3323
3322
3322
3322
3321
3321
3321
3320
3320
3320
3319
3319
3319
3318
3318
3318
3317
3317
3317
3317
3316
3316
3316
3316
3314
3314
3313
3313
3313
3312
3311
3310
3310
3310
3310
3309
3309
3308
3308
3307
3307
3307
3307
3307
3306
3306
3305
3304
3304
3304
3303
3303
3303
3303
3302
3302
3302
3302
3301
3301
3301
3301
3300
3300
3300
3300
3299
3299
3299
3298
3298
3298
3298
3297
3297
3297
3297
3296
3296
3296
3296
3296
3296
3295
3294
3293
3292
3291
3290
3289
3289
3288
3287
3287
3286
3285
3285
3282
3282
3281
3281
3280
3279
3277
3277
3276
3276
3276
3276
3276
3275
3275
3274
3273
3272
3272
3271
3271
3270
3270
3270
3269
3269
3268
3268
3268
3268
3268
3267
3266
3266
3265
3265
3263
3263
3263
3263
3262
3262
3262
3262
3261
3261
3261
3260
3260
3260
3260
3259
3258
3258
3258
3257
3257
3256
3255
3255
3255
3255
3255
3255
3254
3254
3252
3251
3251
3250
3249
3249
3249
3249
3249
3249
3249
3247
3247
3247
3246
3246
3246
3244
3244
3243
3243
3243
3242
3242
3242
3241
3241
3240
3240
3239
3238
3238
3238
3237
3237
3237
3237
3237
3237
3237
3237
3236
3236
3236
3236
3235
3235
3235
3235
3234
3234
3234
3234
3233
3233
3232
3232
3232
3232
3232
3231
3231
3231
3231
3231
3230
3230
3230
3227
3225
3225
3224
3224
3224
3223
3223
3223
3223
3223
3222
3222
3222
3221
3221
3220
3220
3219
3218
3218
3218
3218
3217
3217
3217
3217
3216
3216
3216
3216
3215
3215
3215
3214
3213
3213
3213
3213
3212
3211
3211
3211
3210
3210
3209
3209
3208
3208
3208
3207
3207
3206
3206
3206
3205
3205
3205
3205
3205
3204
3204
3203
3203
3202
3202
3202
3201
3201
3201
3200
3200
3199
3199
3199
3199
3199
3199
3198
3198
3197
3197
3197
3196
3195
3195
3195
3194
3194
3193
3193
3193
3192
3191
3190
3189
3188
3188
3187
3187
3187
3186
3186
3186
3185
3184
3183
3182
3182
3182
3180
3180
3180
3180
3180
3179
3179
3179
3179
3179
3179
3178
3178
3178
3177
3177
3177
3176
3176
3175
3174
3173
3173
3173
3171
3171
3170
3170
3170
3170
3168
3168
3168
3168
3168
3167
3167
3167
3166
3166
3165
3165
3164
3164
3164
3164
3164
3164
3164
3164
3163
3163
3163
3163
3163
3162
3162
3162
3162
3162
3161
3161
3161
3160
3160
3160
3157
3157
3157
3156
3155
3155
3155
3154
3154
3154
3154
3153
3153
3153
3152
3152
3151
3151
3151
3151
3150
3150
3150
3150
3150
3150
3150
3149
3149
3149
3149
3148
3148
3148
3147
3147
3147
3146
3146
3146
3145
3145
3145
3144
3144
3142
3141
3141
3141
3140
3140
3139
3139
3139
3139
3139
3139
3138
3137
3136
3136
3136
3135
3135
3134
3134
3133
3132
3131
3131
3131
3131
3130
3130
3129
3129
3129
3129
3128
3128
3128
3128
3128
3128
3127
3127
3127
3127
3126
3125
3125
3125
3125
3124
3124
3124
3124
3123
3123
3123
3123
3123
3122
3121
3121
3121
3120
3120
3120
3119
3118
3118
3118
3118
3118
3117
3117
3116
3116
3115
3115
3115
3114
3113
3111
3111
3111
3111
3110
3109
3109
3109
3109
3108
3108
3108
3108
3108
3108
3107
3106
3106
3106
3106
3106
3105
3105
3105
3104
3104
3104
3104
3103
3103
3103
3103
3102
3102
3102
3101
3101
3101
3100
3100
3098
3098
3098
3096
3095
3095
3095
3095
3094
3094
3094
3093
3093
3092
3092
3091
3091
3090
3090
3089
3089
3089
3088
3088
3088
3088
3088
3087
3086
3086
3085
3085
3085
3084
3084
3084
3084
3084
3084
3084
3083
3082
3081
3081
3080
3079
3078
3078
3077
3077
3075
3074
3074
3074
3074
3073
3073
3072
3072
3071
3071
3071
3070
3069
3068
3068
3068
3068
3068
3068
3068
3068
3068
3067
3067
3065
3064
3064
3064
3064
3063
3063
3062
3062
3062
3061
3061
3061
3060
3060
3060
3059
3059
3058
3058
3058
3055
3055
3055
3054
3054
3054
3053
3053
3053
3053
3052
3052
3051
3051
3051
3051
3051
3051
3050
3050
3050
3050
3050
3050
3049
3049
3049
3049
3048
3048
3048
3048
3046
3045
3043
3043
3042
3042
3042
3042
3041
3041
3041
3041
3040
3039
3039
3037
3036
3036
3035
3035
3035
3035
3035
3034
3033
3032
3032
3032
3031
3031
3030
3030
3030
3030
3029
3029
3029
3028
3028
3028
3028
3027
3027
3027
3026
3026
3026
3026
3026
3025
3025
3025
3025
3025
3025
3025
3025
3024
3022
3021
3021
3020
3019
3019
3019
3019
3019
3019
3017
3017
3017
3016
3016
3015
3015
3014
3014
3014
3013
3013
3010
3010
3010
3009
3009
3008
3008
3008
3006
3006
3006
3006
3005
3005
3004
3003
3002
3002
3002
3002
3001
3001
3001
3001
3000
3000
2998
2998
2997
2997
2996
2995
2994
2993
2992
2991
2991
2991
2991
2991
2991
2990
2990
2990
2990
2990
2989
2989
2989
2988
2988
2988
2987
2987
2987
2987
2986
2986
2986
2986
2986
2985
2985
2985
2985
2985
2985
2984
2984
2984
2983
2983
2983
2983
2983
2983
2982
2982
2982
2981
2980
2980
2980
2979
2979
2978
2978
2978
2977
2977
2977
2976
2975
2975
2975
2974
2973
2973
2972
2972
2971
2971
2970
2970
2969
2969
2969
2968
2968
2967
2965
2965
2965
2965
2964
2962
2962
2962
2962
2962
2962
2961
2961
2961
2960
2960
2959
2959
2959
2959
2959
2958
2958
2957
2957
2957
2956
2955
2955
2955
2955
2954
2954
2953
2952
2952
2952
2952
2952
2950
2950
2950
2950
2949
2948
2948
2948
2948
2948
2947
2947
2947
2946
2946
2946
2946
2946
2946
2945
2944
2944
2943
2943
2943
2943
2942
2941
2941
2941
2940
2940
2940
2940
2939
2939
2938
2938
2938
2936
2936
2935
2935
2934
2934
2934
2933
2933
2933
2933
2932
2932
2932
2932
2931
2931
2931
2931
2929
2929
2929
2928
2928
2928
2927
2927
2927
2926
2926
2926
2925
2925
2924
2924
2924
2923
2923
2922
2921
2920
2918
2918
2917
2917
2917
2917
2916
2916
2916
2915
2915
2915
2915
2914
2913
2913
2912
2912
2912
2912
2912
2909
2909
2909
2909
2909
2908
2908
2908
2907
2907
2906
2904
2904
2904
2904
2903
2902
2902
2901
2901
2900
2900
2899
2898
2898
2898
2898
2898
2898
2898
2897
2897
2896
2896
2896
2896
2895
2894
2894
2894
2894
2894
2893
2893
2893
2892
2892
2891
2890
2890
2889
2888
2888
2888
2888
2888
2888
2888
2887
2887
2887
2887
2887
2886
2886
2886
2885
2884
2884
2884
2883
2883
2883
2883
2883
2882
2882
2882
2881
2881
2879
2879
2878
2878
2877
2877
2877
2877
2877
2876
2876
2875
2875
2875
2875
2875
2875
2874
2872
2872
2871
2871
2871
2870
2869
2869
2868
2868
2868
2868
2868
2866
2865
2865
2864
2864
2863
2862
2860
2859
2859
2858
2858
2858
2858
2857
2857
2856
2855
2855
2855
2854
2854
2853
2853
2852
2851
2851
2851
2851
2850
2850
2850
2850
2850
2849
2847
2847
2847
2847
2847
2847
2847
2846
2846
2846
2846
2845
2844
2843
2843
2843
2842
2842
2842
2842
2841
2841
2841
2840
2840
2839
2839
2838
2837
2835
2835
2835
2833
2832
2832
2832
2832
2831
2831
2831
2831
2830
2830
2829
2829
2828
2826
2826
2826
2826
2826
2825
2824
2823
2822
2821
2821
2820
2820
2820
2819
2819
2818
2818
2818
2818
2818
2816
2816
2816
2815
2815
2814
2814
2814
2814
2813
2813
2813
2813
2813
2812
2812
2812
2811
2811
2811
2810
2810
2809
2809
2809
2808
2808
2808
2807
2806
2805
2804
2804
2803
2803
2803
2803
2802
2801
2800
2800
2800
2799
2799
2799
2798
2798
2797
2796
2796
2796
2796
2795
2795
2795
2794
2793
2792
2792
2792
2792
2791
2790
2790
2790
2788
2788
2788
2787
2787
2786
2786
2786
2785
2785
2785
2785
2784
2784
2784
2784
2784
2783
2783
2782
2782
2781
2781
2781
2780
2780
2780
2779
2779
2779
2777
2777
2777
2776
2776
2776
2776
2774
2773
2772
2772
2772
2771
2771
2771
2771
2770
2770
2770
2769
2769
2769
2769
2768
2768
2768
2768
2768
2768
2767
2767
2767
2766
2766
2766
2766
2765
2765
2765
2765
2765
2764
2764
2763
2763
2763
2763
2762
2762
2762
2761
2761
2761
2761
2761
2761
2761
2760
2759
2759
2758
2758
2758
2757
2757
2757
2756
2756
2756
2756
2755
2755
2755
2755
2755
2754
2754
2754
2754
2753
2753
2752
2752
2751
2751
2751
2751
2751
2750
2749
2749
2749
2748
2748
2747
2747
2747
2747
2747
2746
2746
2745
2745
2745
2744
2744
2743
2743
2742
2741
2741
2741
2740
2740
2740
2739
2739
2739
2738
2738
2738
2738
2737
2737
2737
2737
2737
2736
2736
2736
2735
2735
2735
2734
2734
2734
2733
2733
2733
2732
2732
2732
2731
2730
2729
2729
2729
2729
2729
2729
2727
2726
2725
2725
2725
2725
2725
2725
2725
2724
2724
2723
2722
2722
2722
2722
2721
2721
2721
2720
2720
2719
2719
2718
2718
2718
2717
2716
2716
2716
2715
2715
2713
2712
2712
2712
2710
2710
2710
2710
2710
2709
2709
2709
2708
2708
2708
2708
2707
2706
2706
2706
2706
2706
2706
2705
2705
2705
2705
2704
2704
2704
2704
2703
2702
2702
2702
2702
2701
2701
2700
2700
2699
2698
2698
2698
2697
2697
2697
2696
2696
2695
2695
2695
2694
2694
2693
2692
2692
2692
2691
2691
2691
2689
2688
2687
2686
2685
2685
2685
2685
2683
2683
2683
2683
2683
2683
2682
2681
2681
2681
2681
2680
2680
2680
2680
2680
2680
2679
2678
2677
2677
2677
2677
2677
2676
2676
2676
2675
2674
2673
2673
2672
2671
2670
2670
2670
2670
2670
2669
2669
2669
2668
2668
2667
2667
2666
2665
2665
2665
2665
2665
2665
2664
2664
2664
2663
2663
2662
2662
2661
2661
2661
2661
2660
2660
2659
2659
2659
2659
2659
2659
2658
2657
2657
2657
2657
2656
2656
2655
2654
2654
2654
2653
2653
2653
2652
2652
2652
2651
2651
2651
2650
2650
2650
2649
2649
2648
2648
2648
2648
2648
2647
2647
2646
2646
2645
2645
2644
2643
2643
2642
2642
2641
2641
2641
2640
2640
2639
2639
2638
2638
2637
2637
2636
2636
2636
2636
2636
2635
2635
2635
2634
2634
2634
2632
2632
2631
2630
2629
2629
2629
2629
2628
2628
2628
2627
2627
2627
2627
2626
2626
2626
2626
2625
2625
2624
2623
2623
2623
2622
2622
2622
2621
2621
2620
2620
2620
2620
2620
2619
2619
2618
2618
2618
2618
2617
2617
2617
2616
2616
2616
2616
2615
2615
2614
2614
2614
2613
2613
2612
2612
2612
2612
2611
2611
2610
2610
2609
2609
2608
2608
2607
2607
2607
2606
2606
2606
2604
2603
2603
2603
2602
2601
2601
2601
2599
2598
2597
2597
2597
2597
2597
2597
2596
2596
2595
2595
2595
2595
2595
2595
2595
2594
2594
2594
2593
2593
2593
2592
2592
2591
2591
2591
2591
2591
2591
2590
2590
2589
2589
2589
2588
2588
2588
2588
2588
2587
2587
2586
2586
2585
2585
2585
2584
2584
2583
2582
2582
2581
2581
2581
2580
2580
2579
2579
2579
2579
2579
2578
2578
2577
2575
2575
2575
2573
2573
2573
2573
2573
2571
2571
2571
2570
2570
2570
2570
2568
2568
2568
2567
2567
2566
2566
2566
2565
2565
2565
2565
2564
2564
2564
2564
2564
2562
2562
2561
2560
2560
2559
2559
2558
2558
2558
2557
2557
2557
2556
2556
2556
2556
2555
2555
2555
2554
2554
2554
2554
2553
2553
2553
2552
2552
2552
2552
2551
2551
2550
2550
2550
2549
2548
2548
2548
2547
2546
2546
2546
2545
2545
2544
2543
2543
2543
2543
2542
2541
2540
2539
2539
2539
2538
2538
2537
2537
2536
2536
2534
2534
2534
2533
2533
2532
2531
2531
2530
2530
2530
2530
2529
2529
2529
2529
2529
2527
2527
2526
2526
2525
2525
2523
2523
2523
2523
2522
2522
2522
2522
2521
2521
2521
2521
2521
2520
2518
2518
2517
2516
2516
2516
2516
2516
2516
2516
2515
2514
2513
2511
2510
2510
2510
2510
2510
2509
2509
2509
2509
2507
2506
2506
2506
2506
2505
2505
2505
2504
2504
2504
2503
2503
2503
2503
2503
2502
2502
2502
2501
2501
2501
2500
2499
2499
2499
2498
2496
2495
2495
2493
2493
2493
2491
2490
2489
2487
2487
2487
2487
2486
2486
2484
2483
2483
2483
2482
2482
2482
2481
2481
2480
2479
2479
2479
2478
2478
2478
2477
2477
2477
2477
2477
2476
2475
2475
2475
2475
2475
2474
2474
2473
2473
2473
2472
2472
2472
2472
2472
2472
2471
2471
2470
2470
2470
2469
2469
2468
2466
2466
2465
2465
2465
2465
2465
2465
2465
2464
2464
2464
2463
2463
2462
2462
2462
2462
2461
2461
2461
2461
2460
2460
2460
2459
2459
2458
2458
2457
2457
2457
2455
2455
2455
2455
2455
2454
2454
2454
2453
2453
2452
2452
2452
2451
2451
2451
2450
2449
2449
2448
2448
2448
2448
2448
2447
2446
2446
2445
2445
2444
2444
2444
2443
2443
2442
2442
2442
2441
2441
2440
2440
2440
2440
2439
2439
2439
2438
2437
2437
2437
2436
2436
2435
2435
2435
2434
2434
2434
2434
2433
2433
2433
2431
2431
2431
2430
2430
2430
2430
2429
2429
2429
2428
2426
2426
2425
2425
2424
2423
2423
2422
2422
2422
2422
2421
2421
2420
2420
2420
2420
2420
2419
2418
2417
2417
2417
2416
2416
2416
2416
2416
2415
2414
2413
2413
2413
2413
2413
2412
2412
2412
2412
2411
2410
2410
2409
2408
2408
2407
2407
2407
2405
2405
2405
2404
2404
2404
2403
2403
2403
2402
2402
2402
2402
2401
2401
2400
2399
2399
2398
2398
2397
2396
2396
2396
2396
2396
2394
2394
2393
2391
2391
2391
2390
2390
2390
2390
2390
2389
2389
2389
2389
2389
2389
2388
2388
2387
2387
2386
2386
2385
2385
2385
2385
2384
2384
2382
2382
2381
2381
2381
2381
2381
2380
2379
2379
2378
2378
2378
2377
2377
2376
2376
2376
2375
2375
2374
2374
2374
2374
2374
2374
2373
2373
2373
2373
2373
2372
2371
2371
2371
2369
2369
2369
2369
2368
2367
2367
2367
2367
2367
2367
2366
2366
2366
2365
2365
2365
2365
2365
2364
2363
2363
2363
2363
2362
2362
2361
2361
2361
2360
2360
2360
2360
2360
2359
2358
2358
2357
2357
2356
2356
2356
2355
2355
2355
2354
2354
2353
2352
2352
2352
2351
2351
2350
2350
2350
2350
2349
2348
2348
2348
2348
2348
2347
2347
2347
2347
2347
2347
2347
2346
2346
2345
2345
2344
2344
2343
2342
2342
2341
2341
2340
2339
2339
2339
2338
2338
2337
2337
2336
2336
2336
2335
2335
2335
2334
2333
2332
2332
2332
2332
2331
2331
2330
2330
2330
2330
2330
2330
2330
2330
2329
2329
2329
2329
2327
2326
2325
2325
2324
2324
2323
2323
2323
2323
2323
2323
2322
2322
2322
2321
2321
2321
2320
2320
2319
2319
2319
2318
2318
2317
2316
2316
2316
2315
2315
2314
2314
2313
2313
2312
2312
2312
2312
2310
2310
2310
2310
2310
2309
2309
2308
2308
2308
2308
2306
2306
2305
2304
2304
2304
2304
2304
2303
2303
2303
2303
2303
2303
2302
2302
2301
2301
2301
2301
2301
2300
2300
2299
2299
2299
2299
2298
2298
2297
2297
2296
2296
2296
2296
2296
2296
2296
2296
2296
2296
2295
2295
2295
2294
2293
2293
2292
2292
2292
2292
2292
2292
2291
2291
2291
2290
2290
2289
2289
2289
2289
2288
2288
2287
2287
2286
2286
2286
2286
2285
2285
2285
2285
2285
2284
2284
2283
2282
2282
2282
2281
2281
2281
2281
2281
2280
2280
2280
2279
2279
2279
2279
2278
2277
2277
2277
2277
2275
2275
2275
2274
2273
2272
2272
2272
2271
2271
2270
2270
2269
2269
2269
2268
2268
2268
2268
2268
2267
2267
2266
2264
2264
2264
2263
2262
2262
2261
2261
2261
2260
2258
2258
2258
2257
2257
2257
2257
2257
2257
2256
2256
2256
2255
2255
2254
2254
2253
2253
2253
2252
2252
2250
2250
2250
2250
2250
2250
2249
2247
2247
2246
2246
2246
2245
2245
2245
2244
2244
2244
2244
2243
2243
2243
2243
2242
2242
2241
2241
2241
2240
2240
2239
2238
2238
2238
2238
2237
2237
2236
2236
2236
2236
2235
2235
2234
2234
2234
2233
2231
2231
2231
2231
2230
2230
2229
2229
2229
2228
2228
2228
2228
2227
2227
2226
2224
2224
2223
2223
2223
2223
2223
2222
2222
2222
2221
2220
2220
2220
2220
2220
2220
2219
2219
2219
2219
2218
2218
2218
2217
2216
2216
2216
2216
2215
2215
2214
2214
2214
2214
2214
2213
2213
2213
2211
2211
2211
2211
2211
2211
2210
2210
2210
2210
2209
2209
2209
2208
2208
2208
2208
2207
2207
2205
2205
2204
2204
2203
2202
2202
2201
2201
2200
2200
2199
2199
2199
2199
2199
2199
2198
2198
2198
2198
2198
2197
2196
2196
2196
2196
2195
2195
2195
2194
2194
2194
2193
2191
2191
2191
2191
2190
2190
2189
2189
2189
2189
2188
2188
2188
2188
2187
2187
2186
2186
2186
2186
2185
2185
2185
2184
2182
2182
2182
2182
2181
2181
2181
2180
2180
2180
2179
2178
2177
2177
2177
2176
2176
2175
2175
2174
2174
2174
2173
2172
2172
2171
2171
2171
2170
2169
2169
2169
2169
2168
2168
2168
2167
2167
2166
2166
2166
2164
2164
2163
2162
2161
2161
2161
2161
2160
2160
2160
2160
2159
2158
2158
2158
2157
2157
2157
2157
2156
2156
2156
2155
2155
2155
2154
2153
2153
2153
2153
2152
2152
2152
2152
2150
2148
2148
2148
2148
2147
2146
2146
2145
2145
2144
2143
2142
2142
2142
2142
2141
2141
2141
2140
2140
2139
2139
2139
2138
2138
2137
2137
2137
2137
2136
2135
2135
2135
2135
2134
2134
2134
2134
2134
2134
2134
2133
2133
2133
2133
2132
2132
2132
2132
2131
2131
2130
2129
2129
2129
2129
2127
2127
2127
2126
2126
2126
2126
2126
2126
2125
2125
2124
2124
2123
2123
2123
2122
2122
2122
2121
2120
2120
2120
2119
2118
2118
2118
2118
2117
2117
2117
2117
2114
2114
2114
2113
2113
2113
2113
2112
2111
2111
2111
2111
2110
2110
2109
2109
2108
2108
2108
2108
2107
2107
2107
2107
2107
2106
2106
2106
2106
2106
2105
2105
2104
2104
2104
2103
2103
2103
2102
2102
2101
2100
2100
2100
2099
2098
2098
2098
2097
2097
2097
2096
2093
2093
2093
2093
2092
2092
2092
2092
2092
2091
2091
2091
2090
2090
2090
2090
2089
2089
2089
2089
2089
2089
2088
2088
2088
2087
2087
2087
2087
2087
2086
2086
2086
2085
2085
2085
2084
2084
2084
2083
2083
2083
2083
2082
2082
2082
2081
2081
2081
2080
2080
2080
2080
2079
2078
2077
2076
2076
2076
2075
2074
2074
2073
2073
2073
2073
2072
2071
2071
2070
2070
2070
2070
2069
2067
2067
2067
2066
2066
2066
2065
2065
2064
2064
2063
2062
2061
2061
2061
2061
2060
2060
2060
2059
2059
2058
2058
2057
2057
2057
2057
2056
2056
2056
2056
2054
2054
2054
2053
2053
2053
2053
2052
2051
2051
2050
2050
2049
2049
2048
2048
2048
2048
2045
2045
2045
2045
2044
2043
2043
2043
2042
2042
2042
2041
2041
2041
2041
2041
2041
2040
2040
2040
2040
2039
2038
2038
2038
2038
2037
2037
2036
2036
2035
2034
2033
2033
2032
2032
2031
2031
2031
2031
2030
2030
2029
2029
2028
2028
2028
2028
2027
2027
2027
2025
2025
2024
2024
2023
2023
2023
2022
2020
2019
2019
2018
2018
2018
2017
2017
2016
2016
2015
2015
2015
2014
2014
2014
2014
2013
2013
2012
2011
2011
2011
2010
2010
2010
2009
2009
2009
2009
2009
2009
2009
2008
2008
2007
2007
2007
2006
2006
2006
2005
2005
2004
2004
2004
2003
2003
2002
2002
2002
2002
2001
2001
2000
2000
2000
2000
2000
1997
1997
1997
1996
1996
1996
1995
1995
1994
1994
1994
1994
1993
1992
1992
1991
1991
1990
1990
1989
1989
1988
1987
1986
1986
1985
1985
1985
1984
1984
1983
1983
1983
1983
1982
1981
1981
1980
1979
1979
1979
1979
1979
1978
1978
1978
1977
1977
1977
1976
1976
1975
1975
1974
1972
1972
1971
1970
1970
1969
1968
1968
1967
1967
1967
1966
1965
1965
1964
1963
1963
1962
1962
1962
1960
1960
1959
1959
1959
1959
1959
1958
1957
1957
1957
1955
1955
1954
1954
1953
1953
1953
1953
1952
1952
1952
1952
1952
1951
1951
1951
1950
1950
1950
1950
1950
1950
1949
1949
1949
1948
1948
1947
1946
1946
1946
1946
1944
1944
1943
1943
1942
1942
1942
1942
1942
1941
1940
1940
1939
1939
1939
1938
1938
1937
1936
1936
1936
1935
1935
1935
1935
1934
1934
1933
1933
1932
1932
1931
1930
1930
1930
1930
1930
1930
1929
1929
1929
1929
1928
1928
1927
1926
1926
1924
1924
1924
1923
1923
1923
1922
1921
1921
1921
1921
1920
1919
1918
1918
1918
1917
1917
1917
1917
1916
1916
1915
1915
1915
1915
1914
1913
1913
1913
1912
1911
1911
1911
1910
1910
1910
1910
1909
1909
1908
1908
1907
1907
1906
1903
1903
1902
1902
1902
1902
1900
1899
1899
1899
1898
1898
1897
1897
1897
1897
1897
1896
1896
1896
1896
1895
1895
1895
1895
1895
1894
1894
1894
1894
1893
1892
1891
1891
1891
1891
1891
1890
1890
1890
1889
1889
1889
1887
1887
1887
1886
1886
1886
1886
1886
1885
1885
1885
1884
1884
1884
1884
1884
1884
1884
1884
1884
1884
1884
1882
1881
1881
1881
1880
1879
1879
1879
1878
1876
1875
1875
1875
1874
1874
1873
1871
1870
1870
1869
1868
1868
1868
1867
1867
1867
1867
1867
1866
1866
1866
1865
1865
1865
1865
1865
1864
1862
1861
1860
1859
1859
1857
1856
1856
1855
1855
1855
1855
1854
1853
1852
1852
1852
1851
1850
1850
1850
1850
1849
1849
1847
1847
1847
1847
1847
1847
1847
1847
1846
1846
1846
1846
1845
1843
1843
1843
1843
1842
1842
1842
1842
1842
1841
1841
1840
1840
1839
1839
1837
1836
1836
1835
1835
1834
1834
1834
1832
1832
1832
1831
1831
1831
1831
1830
1830
1827
1827
1827
1826
1826
1826
1825
1823
1823
1823
1823
1823
1823
1822
1822
1821
1821
1821
1820
1820
1820
1820
1820
1819
1819
1818
1818
1817
1817
1817
1817
1817
1817
1817
1816
1815
1815
1815
1815
1815
1815
1814
1814
1814
1813
1813
1813
1813
1813
1812
1812
1811
1811
1811
1811
1809
1808
1807
1807
1807
1807
1806
1806
1806
1804
1804
1804
1803
1803
1802
1802
1802
1801
1801
1801
1800
1800
1800
1800
1799
1798
1797
1797
1796
1796
1796
1796
1796
1795
1795
1795
1794
1794
1794
1793
1793
1792
1792
1792
1792
1791
1791
1791
1791
1790
1790
1790
1789
1789
1789
1789
1789
1789
1788
1788
1788
1788
1787
1787
1787
1787
1786
1785
1784
1784
1784
1783
1783
1783
1782
1781
1781
1781
1781
1781
1779
1779
1779
1779
1779
1778
1778
1778
1778
1778
1778
1777
1777
1777
1777
1776
1775
1774
1774
1774
1773
1772
1771
1771
1771
1771
1771
1770
1770
1770
1768
1767
1767
1767
1765
1764
1764
1764
1764
1764
1764
1762
1762
1761
1761
1761
1760
1760
1759
1759
1758
1758
1758
1758
1757
1757
1756
1756
1756
1756
1754
1754
1754
1754
1754
1753
1753
1752
1751
1751
1749
1749
1749
1748
1748
1748
1748
1748
1747
1747
1747
1746
1745
1745
1745
1745
1745
1745
1744
1744
1743
1743
1743
1742
1742
1742
1742
1741
1741
1740
1740
1739
1739
1739
1737
1736
1736
1735
1734
1734
1733
1732
1732
1732
1732
1732
1731
1731
1730
1730
1730
1730
1729
1728
1728
1727
1727
1727
1727
1726
1726
1726
1726
1726
1726
1725
1725
1724
1724
1724
1723
1723
1723
1723
1723
1722
1722
1722
1721
1720
1720
1719
1719
1718
1718
1717
1717
1716
1716
1715
1715
1715
1715
1715
1715
1715
1715
1715
1714
1714
1713
1713
1713
1712
1712
1712
1712
1711
1711
1711
1711
1711
1710
1710
1710
1710
1709
1709
1709
1708
1708
1708
1708
1707
1707
1707
1707
1706
1706
1705
1704
1704
1704
1704
1703
1703
1703
1703
1703
1702
1701
1701
1700
1700
1700
1699
1699
1699
1699
1699
1698
1697
1697
1697
1696
1696
1695
1695
1694
1694
1694
1694
1693
1693
1693
1692
1692
1691
1691
1690
1690
1690
1690
1689
1689
1688
1687
1686
1686
1686
1686
1686
1686
1686
1685
1685
1685
1684
1684
1684
1684
1683
1683
1683
1682
1681
1681
1681
1681
1680
1680
1680
1680
1679
1679
1678
1678
1678
1678
1677
1677
1677
1677
1676
1676
1676
1675
1675
1674
1674
1674
1674
1673
1673
1672
1672
1672
1672
1671
1671
1670
1670
1669
1669
1668
1668
1668
1667
1666
1665
1665
1665
1664
1664
1664
1664
1664
1663
1663
1662
1662
1661
1661
1661
1659
1659
1659
1658
1658
1657
1657
1656
1654
1654
1652
1652
1652
1651
1651
1651
1651
1650
1649
1648
1648
1648
1647
1647
1647
1646
1646
1644
1644
1644
1644
1644
1643
1643
1643
1643
1642
1642
1641
1641
1641
1641
1641
1640
1640
1639
1639
1639
1639
1638
1638
1638
1637
1637
1637
1637
1637
1636
1635
1634
1634
1634
1633
1633
1633
1632
1632
1632
1631
1631
1631
1631
1631
1630
1629
1628
1628
1628
1627
1627
1627
1627
1626
1626
1626
1624
1624
1623
1622
1622
1621
1621
1621
1621
1620
1619
1619
1619
1618
1618
1618
1617
1617
1617
1616
1615
1615
1614
1614
1614
1613
1613
1613
1612
1612
1612
1612
1611
1611
1610
1610
1610
1609
1609
1609
1609
1609
1608
1607
1607
1607
1606
1605
1605
1604
1603
1602
1602
1601
1601
1601
1600
1600
1600
1600
1599
1599
1599
1599
1599
1598
1598
1597
1597
1597
1596
1596
1595
1595
1594
1594
1593
1593
1592
1592
1592
1591
1590
1590
1590
1589
1588
1588
1588
1588
1587
1587
1587
1586
1586
1586
1585
1585
1584
1583
1583
1583
1582
1582
1581
1581
1581
1580
1580
1580
1580
1579
1579
1578
1577
1577
1577
1576
1576
1576
1576
1575
1575
1575
1575
1575
1574
1574
1574
1574
1574
1572
1572
1572
1572
1571
1570
1570
1570
1570
1570
1569
1569
1569
1568
1567
1567
1567
1566
1566
1566
1566
1566
1565
1565
1564
1564
1564
1562
1562
1562
1561
1561
1561
1560
1560
1560
1560
1559
1559
1559
1558
1556
1556
1556
1556
1555
1555
1555
1554
1554
1554
1553
1553
1552
1552
1552
1552
1552
1552
1552
1551
1551
1550
1550
1550
1550
1549
1549
1549
1549
1549
1548
1548
1548
1548
1547
1547
1547
1546
1546
1545
1545
1544
1544
1544
1544
1543
1543
1543
1543
1542
1542
1541
1541
1540
1540
1540
1540
1539
1538
1538
1536
1536
1536
1536
1535
1535
1534
1533
1533
1532
1532
1532
1532
1531
1530
1530
1530
1528
1528
1528
1528
1528
1527
1527
1527
1526
1525
1525
1525
1524
1524
1523
1523
1523
1522
1521
1521
1521
1521
1519
1519
1517
1517
1516
1514
1511
1511
1510
1510
1510
1510
1509
1509
1508
1508
1507
1507
1507
1506
1506
1506
1506
1505
1505
1505
1504
1504
1503
1503
1503
1503
1503
1503
1503
1502
1502
1502
1502
1500
1500
1500
1500
1499
1499
1499
1498
1498
1498
1497
1496
1496
1495
1495
1494
1494
1494
1493
1493
1493
1493
1492
1491
1491
1491
1490
1490
1490
1489
1488
1488
1488
1487
1487
1485
1485
1485
1484
1483
1483
1482
1482
1481
1481
1481
1481
1481
1481
1481
1480
1480
1480
1480
1479
1477
1477
1477
1476
1474
1474
1474
1474
1474
1474
1474
1472
1472
1471
1471
1471
1470
1470
1470
1470
1469
1469
1469
1468
1468
1468
1468
1468
1468
1468
1467
1467
1467
1467
1467
1466
1466
1466
1464
1464
1463
1463
1462
1462
1462
1462
1462
1462
1462
1462
1460
1460
1459
1459
1458
1458
1457
1457
1456
1455
1455
1455
1455
1454
1454
1454
1453
1453
1452
1452
1451
1451
1451
1451
1450
1450
1450
1449
1449
1449
1447
1447
1447
1446
1446
1446
1446
1446
1445
1445
1444
1443
1443
1442
1442
1442
1440
1440
1439
1438
1438
1438
1437
1437
1437
1436
1436
1435
1434
1433
1433
1433
1433
1433
1432
1432
1432
1432
1432
1431
1430
1430
1429
1429
1429
1429
1428
1428
1428
1428
1428
1427
1427
1426
1426
1425
1425
1424
1424
1423
1423
1423
1422
1421
1420
1420
1420
1419
1419
1418
1418
1417
1417
1417
1416
1416
1416
1416
1414
1414
1413
1413
1413
1412
1412
1411
1410
1410
1409
1407
1407
1406
1406
1405
1405
1404
1404
1403
1402
1402
1402
1401
1401
1400
1400
1399
1399
1399
1399
1399
1399
1398
1398
1398
1398
1398
1397
1397
1397
1397
1396
1396
1396
1395
1394
1394
1393
1393
1393
1393
1392
1392
1392
1391
1390
1390
1390
1390
1388
1387
1387
1387
1387
1386
1386
1386
1383
1382
1382
1381
1380
1379
1379
1378
1378
1378
1378
1378
1377
1377
1377
1377
1377
1376
1376
1375
1375
1374
1374
1374
1373
1372
1371
1370
1369
1369
1368
1368
1367
1367
1366
1365
1365
1364
1364
1363
1363
1361
1360
1360
1360
1358
1358
1357
1357
1357
1357
1356
1356
1356
1356
1355
1355
1355
1355
1355
1354
1353
1353
1353
1352
1352
1351
1350
1350
1350
1350
1350
1349
1348
1348
1347
1347
1346
1344
1344
1343
1343
1342
1342
1342
1341
1341
1341
1341
1340
1340
1340
1339
1339
1339
1339
1339
1338
1338
1337
1337
1336
1335
1335
1335
1335
1335
1335
1335
1334
1333
1333
1333
1333
1332
1332
1332
1332
1332
1331
1331
1330
1329
1329
1329
1328
1328
1328
1327
1327
1327
1326
1326
1326
1326
1326
1326
1326
1326
1325
1322
1322
1322
1322
1321
1321
1321
1321
1321
1321
1320
1320
1320
1319
1319
1319
1318
1318
1318
1318
1317
1316
1315
1315
1315
1314
1314
1313
1312
1312
1312
1312
1312
1311
1311
1310
1310
1310
1310
1309
1309
1308
1308
1308
1307
1307
1307
1306
1306
1306
1306
1305
1305
1305
1304
1303
1302
1302
1302
1301
1301
1301
1301
1300
1300
1299
1299
1298
1298
1297
1297
1296
1296
1296
1296
1296
1294
1293
1293
1293
1293
1293
1292
1292
1292
1291
1291
1291
1290
1290
1290
1290
1289
1289
1288
1287
1287
1287
1286
1286
1284
1283
1283
1283
1282
1282
1282
1282
1282
1282
1280
1280
1280
1279
1279
1279
1279
1278
1278
1277
1277
1276
1276
1275
1275
1275
1275
1273
1273
1273
1272
1272
1272
1272
1271
1270
1270
1269
1268
1268
1267
1267
1267
1267
1267
1267
1267
1266
1266
1266
1265
1264
1264
1263
1263
1262
1262
1262
1262
1261
1260
1260
1260
1259
1259
1259
1258
1257
1257
1257
1256
1256
1256
1256
1256
1255
1254
1254
1254
1253
1253
1252
1252
1251
1251
1251
1251
1250
1250
1250
1250
1249
1249
1249
1249
1248
1248
1248
1248
1248
1247
1247
1246
1246
1246
1245
1245
1245
1245
1244
1242
1242
1242
1242
1242
1242
1241
1241
1241
1240
1240
1239
1239
1239
1239
1239
1238
1237
1236
1235
1235
1233
1233
1233
1232
1231
1231
1231
1230
1230
1229
1229
1228
1227
1226
1226
1225
1225
1225
1224
1223
1222
1222
1222
1221
1221
1221
1219
1219
1219
1218
1217
1216
1216
1216
1216
1216
1215
1214
1214
1214
1214
1213
1213
1213
1213
1213
1212
1212
1211
1211
1210
1210
1209
1208
1208
1208
1207
1207
1207
1207
1205
1205
1203
1203
1203
1202
1201
1201
1200
1200
1200
1198
1198
1197
1197
1197
1197
1197
1196
1196
1196
1195
1195
1194
1193
1193
1193
1192
1192
1191
1191
1190
1190
1189
1189
1188
1188
1187
1186
1185
1185
1184
1184
1184
1184
1184
1183
1182
1181
1181
1181
1181
1181
1179
1179
1179
1178
1178
1178
1178
1177
1176
1176
1176
1176
1175
1175
1175
1175
1174
1174
1174
1173
1173
1173
1172
1172
1172
1171
1171
1170
1170
1170
1170
1168
1167
1165
1165
1165
1165
1164
1164
1163
1163
1162
1162
1162
1162
1161
1160
1160
1160
1160
1159
1158
1157
1157
1157
1157
1157
1156
1155
1155
1155
1155
1154
1154
1154
1154
1154
1153
1153
1152
1152
1152
1152
1151
1150
1150
1150
1150
1149
1149
1149
1149
1149
1149
1148
1148
1148
1147
1147
1147
1146
1146
1146
1145
1145
1144
1144
1144
1143
1143
1143
1142
1142
1142
1142
1141
1140
1140
1140
1139
1139
1139
1138
1138
1138
1138
1137
1136
1136
1136
1136
1136
1136
1135
1135
1134
1134
1133
1133
1133
1133
1133
1132
1132
1132
1131
1131
1130
1130
1130
1130
1129
1129
1129
1128
1128
1128
1128
1128
1128
1127
1126
1126
1125
1125
1125
1124
1124
1123
1123
1122
1122
1122
1122
1121
1121
1120
1120
1120
1120
1120
1120
1118
1118
1118
1117
1117
1117
1116
1116
1115
1114
1114
1114
1114
1114
1114
1114
1113
1113
1112
1111
1111
1111
1111
1111
1110
1110
1110
1110
1110
1109
1109
1109
1109
1109
1108
1108
1108
1108
1107
1107
1106
1106
1106
1106
1106
1106
1105
1105
1105
1105
1105
1104
1104
1104
1103
1103
1103
1103
1102
1102
1102
1102
1102
1102
1100
1100
1099
1099
1099
1098
1097
1097
1097
1097
1096
1096
1096
1096
1096
1095
1095
1095
1095
1095
1095
1094
1094
1094
1093
1092
1092
1091
1091
1090
1090
1089
1089
1089
1089
1089
1088
1088
1087
1087
1086
1086
1085
1084
1083
1082
1082
1081
1081
1081
1080
1080
1080
1080
1080
1080
1079
1079
1078
1078
1077
1077
1077
1077
1077
1076
1075
1074
1074
1074
1073
1072
1072
1071
1071
1071
1070
1069
1068
1067
1066
1066
1066
1066
1066
1066
1065
1065
1065
1065
1064
1064
1064
1064
1064
1063
1063
1062
1062
1062
1061
1061
1060
1060
1059
1059
1059
1058
1057
1057
1057
1056
1055
1054
1053
1052
1052
1052
1052
1050
1049
1049
1048
1048
1048
1048
1047
1047
1047
1046
1045
1045
1044
1043
1042
1042
1042
1041
1041
1041
1040
1040
1040
1040
1039
1038
1038
1037
1037
1037
1037
1037
1036
1036
1034
1033
1033
1032
1030
1030
1029
1029
1029
1028
1028
1028
1027
1027
1027
1026
1026
1026
1025
1025
1025
1024
1024
1024
1023
1023
1023
1022
1022
1022
1022
1022
1021
1021
1020
1020
1020
1020
1019
1019
1019
1017
1016
1016
1016
1015
1015
1014
1013
1013
1013
1013
1013
1011
1011
1011
1010
1010
1010
1009
1009
1009
1008
1008
1008
1007
1007
1007
1007
1006
1006
1006
1006
1005
1005
1005
1004
1004
1004
1004
1004
1003
1003
1003
1002
1002
1002
1002
1001
1000
