1000
1001
1002
1002
1002
1002
1003
1003
1003
1004
1004
1004
1004
1004
1005
1005
1005
1006
1006
1006
1006
1007
1007
1007
1007
1008
1008
1008
1009
1009
1009
1010
1010
1010
1011
1011
1011
1013
1013
1013
1013
1013
1014
1015
1015
1016
1016
1016
1017
1019
1019
1019
1020
1020
1020
1020
1021
1021
1022
1022
1022
1022
1022
1023
1023
1023
1024
1024
1024
1025
1025
1025
1026
1026
1026
1027
1027
1027
1028
1028
1028
1029
1029
1029
1030
1030
1032
1033
1033
1034
1036
1036
1037
1037
1037
1037
1037
1038
1038
1039
1040
1040
1040
1040
1041
1041
1041
1042
1042
1042
1043
1044
1045
1045
1046
1047
1047
1047
1048
1048
1048
1048
1049
1049
1050
1052
1052
1052
1052
1053
1054
1055
1056
1057
1057
1057
1058
1059
1059
1059
1060
1060
1061
1061
1062
1062
1062
1063
1063
1064
1064
1064
1064
1064
1065
1065
1065
1065
1066
1066
1066
1066
1066
1066
1067
1068
1069
1070
1071
1071
1071
1072
1072
1073
1074
1074
1074
1075
1076
1077
1077
1077
1077
1077
1078
1078
1079
1079
1080
1080
1080
1080
1080
1080
1081
1081
1081
1082
1082
1083
1084
1085
1086
1086
1087
1087
1088
1088
1089
1089
1089
1089
1089
1090
1090
1091
1091
1092
1092
1093
1094
1094
1094
1095
1095
1095
1095
1095
1095
1096
1096
1096
1096
1096
1097
1097
1097
1097
1098
1099
1099
1099
1100
1100
1102
1102
1102
1102
1102
1102
1103
1103
1103
1103
1104
1104
1104
1105
1105
1105
1105
1105
1106
1106
1106
1106
1106
1106
1107
1107
1108
1108
1108
1108
1109
1109
1109
1109
1109
1110
1110
1110
1110
1110
1111
1111
1111
1111
1111
1112
1113
1113
1114
1114
1114
1114
1114
1114
1114
1115
1116
1116
1117
1117
1117
1118
1118
1118
1120
1120
1120
1120
1120
1120
1121
1121
1122
1122
1122
1122
1123
1123
1124
1124
1125
1125
1125
1126
1126
1127
1128
1128
1128
1128
1128
1128
1129
1129
1129
1130
1130
1130
1130
1131
1131
1132
1132
1132
1133
1133
1133
1133
1133
1134
1134
1135
1135
1136
1136
1136
1136
1136
1136
1137
1138
1138
1138
1138
1139
1139
1139
1140
1140
1140
1141
1142
1142
1142
1142
1143
1143
1143
1144
1144
1144
1145
1145
1146
1146
1146
1147
1147
1147
1148
1148
1148
1149
1149
1149
1149
1149
1149
1150
1150
1150
1150
1151
1152
1152
1152
1152
1153
1153
1154
1154
1154
1154
1154
1155
1155
1155
1155
1156
1157
1157
1157
1157
1157
1158
1159
1160
1160
1160
1160
1161
1162
1162
1162
1162
1163
1163
1164
1164
1165
1165
1165
1165
1167
1168
1170
1170
1170
1170
1171
1171
1172
1172
1172
1173
1173
1173
1174
1174
1174
1175
1175
1175
1175
1176
1176
1176
1176
1177
1178
1178
1178
1178
1179
1179
1179
1181
1181
1181
1181
1181
1182
1183
1184
1184
1184
1184
1184
1185
1185
1186
1187
1188
1188
1189
1189
1190
1190
1191
1191
1192
1192
1193
1193
1193
1194
1195
1195
1196
1196
1196
1197
1197
1197
1197
1197
1198
1198
1200
1200
1200
1201
1201
1202
1203
1203
1203
1205
1205
1207
1207
1207
1207
1208
1208
1208
1209
1210
1210
1211
1211
1212
1212
1213
1213
1213
1213
1213
1214
1214
1214
1214
1215
1216
1216
1216
1216
1216
1217
1218
1219
1219
1219
1221
1221
1221
1222
1222
1222
1223
1224
1225
1225
1225
1226
1226
1227
1228
1229
1229
1230
1230
1231
1231
1231
1232
1233
1233
1233
1235
1235
1236
1237
1238
1239
1239
1239
1239
1239
1240
1240
1241
1241
1241
1242
1242
1242
1242
1242
1242
1244
1245
1245
1245
1245
1246
1246
1246
1247
1247
1248
1248
1248
1248
1248
1249
1249
1249
1249
1250
1250
1250
1250
1251
1251
1251
1251
1252
1252
1253
1253
1254
1254
1254
1255
1256
1256
1256
1256
1256
1257
1257
1257
1258
1259
1259
1259
1260
1260
1260
1261
1262
1262
1262
1262
1263
1263
1264
1264
1265
1266
1266
1266
1267
1267
1267
1267
1267
1267
1267
1268
1268
1269
1270
1270
1271
1272
1272
1272
1272
1273
1273
1273
1275
1275
1275
1275
1276
1276
1277
1277
1278
1278
1279
1279
1279
1279
1280
1280
1280
1282
1282
1282
1282
1282
1282
1283
1283
1283
1284
1286
1286
1287
1287
1287
1288
1289
1289
1290
1290
1290
1290
1291
1291
1291
1292
1292
1292
1293
1293
1293
1293
1293
1294
1296
1296
1296
1296
1296
1297
1297
1298
1298
1299
1299
1300
1300
1301
1301
1301
1301
1302
1302
1302
1303
1304
1305
1305
1305
1306
1306
1306
1306
1307
1307
1307
1308
1308
1308
1309
1309
1310
1310
1310
1310
1311
1311
1312
1312
1312
1312
1312
1313
1314
1314
1315
1315
1315
1316
1317
1318
1318
1318
1318
1319
1319
1319
1320
1320
1320
1321
1321
1321
1321
1321
1321
1322
1322
1322
1322
1325
1326
1326
1326
1326
1326
1326
1326
1326
1327
1327
1327
1328
1328
1328
1329
1329
1329
1330
1331
1331
1332
1332
1332
1332
1332
1333
1333
1333
1333
1334
1335
1335
1335
1335
1335
1335
1335
1336
1337
1337
1338
1338
1339
1339
1339
1339
1339
1340
1340
1340
1341
1341
1341
1341
1342
1342
1342
1343
1343
1344
1344
1346
1347
1347
1348
1348
1349
1350
1350
1350
1350
1350
1351
1352
1352
1353
1353
1353
1354
1355
1355
1355
1355
1355
1356
1356
1356
1356
1357
1357
1357
1357
1358
1358
1360
1360
1360
1361
1363
1363
1364
1364
1365
1365
1366
1367
1367
1368
1368
1369
1369
1370
1371
1372
1373
1374
1374
1374
1375
1375
1376
1376
1377
1377
1377
1377
1377
1378
1378
1378
1378
1378
1379
1379
1380
1381
1382
1382
1383
1386
1386
1386
1387
1387
1387
1387
1388
1390
1390
1390
1390
1391
1392
1392
1392
1393
1393
1393
1393
1394
1394
1395
1396
1396
1396
1397
1397
1397
1397
1398
1398
1398
1398
1398
1399
1399
1399
1399
1399
1399
1400
1400
1401
1401
1402
1402
1402
1403
1404
1404
1405
1405
1406
1406
1407
1407
1409
1410
1410
1411
1412
1412
1413
1413
1413
1414
1414
1416
1416
1416
1416
1417
1417
1417
1418
1418
1419
1419
1420
1420
1420
1421
1422
1423
1423
1423
1424
1424
1425
1425
1426
1426
1427
1427
1428
1428
1428
1428
1428
1429
1429
1429
1429
1430
1430
1431
1432
1432
1432
1432
1432
1433
1433
1433
1433
1433
1434
1435
1436
1436
1437
1437
1437
1438
1438
1438
1439
1440
1440
1442
1442
1442
1443
1443
1444
1445
1445
1446
1446
1446
1446
1446
1447
1447
1447
1449
1449
1449
1450
1450
1450
1451
1451
1451
1451
1452
1452
1453
1453
1454
1454
1454
1455
1455
1455
1455
1456
1457
1457
1458
1458
1459
1459
1460
1460
1462
1462
1462
1462
1462
1462
1462
1462
1463
1463
1464
1464
1466
1466
1466
1467
1467
1467
1467
1467
1468
1468
1468
1468
1468
1468
1468
1469
1469
1469
1470
1470
1470
1470
1471
1471
1471
1472
1472
1474
1474
1474
1474
1474
1474
1474
1476
1477
1477
1477
1479
1480
1480
1480
1480
1481
1481
1481
1481
1481
1481
1481
1482
1482
1483
1483
1484
1485
1485
1485
1487
1487
1488
1488
1488
1489
1490
1490
1490
1491
1491
1491
1492
1493
1493
1493
1493
1494
1494
1494
1495
1495
1496
1496
1497
1498
1498
1498
1499
1499
1499
1500
1500
1500
1500
1502
1502
1502
1502
1503
1503
1503
1503
1503
1503
1503
1504
1504
1505
1505
1505
1506
1506
1506
1506
1507
1507
1507
1508
1508
1509
1509
1510
1510
1510
1510
1511
1511
1514
1516
1517
1517
1519
1519
1521
1521
1521
1521
1522
1523
1523
1523
1524
1524
1525
1525
1525
1526
1527
1527
1527
1528
1528
1528
1528
1528
1530
1530
1530
1531
1532
1532
1532
1532
1533
1533
1534
1535
1535
1536
1536
1536
1536
1538
1538
1539
1540
1540
1540
1540
1541
1541
1542
1542
1543
1543
1543
1543
1544
1544
1544
1544
1545
1545
1546
1546
1547
1547
1547
1548
1548
1548
1548
1549
1549
1549
1549
1549
1550
1550
1550
1550
1551
1551
1552
1552
1552
1552
1552
1552
1552
1553
1553
1554
1554
1554
1555
1555
1555
1556
1556
1556
1556
1558
1559
1559
1559
1560
1560
1560
1560
1561
1561
1561
1562
1562
1562
1564
1564
1564
1565
1565
1566
1566
1566
1566
1566
1567
1567
1567
1568
1569
1569
1569
1570
1570
1570
1570
1570
1571
1572
1572
1572
1572
1574
1574
1574
1574
1574
1575
1575
1575
1575
1575
1576
1576
1576
1576
1577
1577
1577
1578
1579
1579
1580
1580
1580
1580
1581
1581
1581
1582
1582
1583
1583
1583
1584
1585
1585
1586
1586
1586
1587
1587
1587
1588
1588
1588
1588
1589
1590
1590
1590
1591
1592
1592
1592
1593
1593
1594
1594
1595
1595
1596
1596
1597
1597
1597
1598
1598
1599
1599
1599
1599
1599
1600
1600
1600
1600
1601
1601
1601
1602
1602
1603
1604
1605
1605
1606
1607
1607
1607
1608
1609
1609
1609
1609
1609
1610
1610
1610
1611
1611
1612
1612
1612
1612
1613
1613
1613
1614
1614
1614
1615
1615
1616
1617
1617
1617
1618
1618
1618
1619
1619
1619
1620
1621
1621
1621
1621
1622
1622
1623
1624
1624
1626
1626
1626
1627
1627
1627
1627
1628
1628
1628
1629
1630
1631
1631
1631
1631
1631
1632
1632
1632
1633
1633
1633
1634
1634
1634
1635
1636
1637
1637
1637
1637
1637
1638
1638
1638
1639
1639
1639
1639
1640
1640
1641
1641
1641
1641
1641
1642
1642
1643
1643
1643
1643
1644
1644
1644
1644
1644
1646
1646
1647
1647
1647
1648
1648
1648
1649
1650
1651
1651
1651
1651
1652
1652
1652
1654
1654
1656
1657
1657
1658
1658
1659
1659
1659
1661
1661
1661
1662
1662
1663
1663
1664
1664
1664
1664
1664
1665
1665
1665
1666
1667
1668
1668
1668
1669
1669
1670
1670
1671
1671
1672
1672
1672
1672
1673
1673
1674
1674
1674
1674
1675
1675
1676
1676
1676
1677
1677
1677
1677
1678
1678
1678
1678
1679
1679
1680
1680
1680
1680
1681
1681
1681
1681
1682
1683
1683
1683
1684
1684
1684
1684
1685
1685
1685
1686
1686
1686
1686
1686
1686
1686
1687
1688
1689
1689
1690
1690
1690
1690
1691
1691
1692
1692
1693
1693
1693
1694
1694
1694
1694
1695
1695
1696
1696
1697
1697
1697
1698
1699
1699
1699
1699
1699
1700
1700
1700
1701
1701
1702
1703
1703
1703
1703
1703
1704
1704
1704
1704
1705
1706
1706
1707
1707
1707
1707
1708
1708
1708
1708
1709
1709
1709
1710
1710
1710
1710
1711
1711
1711
1711
1711
1712
1712
1712
1712
1713
1713
1713
1714
1714
1715
1715
1715
1715
1715
1715
1715
1715
1715
1716
1716
1717
1717
1718
1718
1719
1719
1720
1720
1721
1722
1722
1722
1723
1723
1723
1723
1723
1724
1724
1724
1725
1725
1726
1726
1726
1726
1726
1726
1727
1727
1727
1727
1728
1728
1729
1730
1730
1730
1730
1731
1731
1732
1732
1732
1732
1732
1733
1734
1734
1735
1736
1736
1737
1739
1739
1739
1740
1740
1741
1741
1742
1742
1742
1742
1743
1743
1743
1744
1744
1745
1745
1745
1745
1745
1745
1746
1747
1747
1747
1748
1748
1748
1748
1748
1749
1749
1749
1751
1751
1752
1753
1753
1754
1754
1754
1754
1754
1756
1756
1756
1756
1757
1757
1758
1758
1758
1758
1759
1759
1760
1760
1761
1761
1761
1762
1762
1764
1764
1764
1764
1764
1764
1765
1767
1767
1767
1768
1770
1770
1770
1771
1771
1771
1771
1771
1772
1773
1774
1774
1774
1775
1776
1777
1777
1777
1777
1778
1778
1778
1778
1778
1778
1779
1779
1779
1779
1779
1781
1781
1781
1781
1781
1782
1783
1783
1783
1784
1784
1784
1785
1786
1787
1787
1787
1787
1788
1788
1788
1788
1789
1789
1789
1789
1789
1789
1790
1790
1790
1791
1791
1791
1791
1792
1576
4164
4082
3730
1312
3305
1094
4218
2420
3713
1342
4382
4052
3164
2347
2367
1398
3611
3790
1080
1761
1842
4409
3394
3041
2399
2796
2725
3665
2257
2071
2031
1521
3051
2772
4548
2141
3058
1712
3014
3478
1631
3913
1350
3258
4634
4690
4078
2413
1893
1778
2271
4303
3327
1857
2831
3369
2516
4525
2218
2637
3870
3801
3806
3821
4225
1319
1291
2466
4887
4181
4079
2619
3053
2040
4049
1884
1979
3145
1130
3694
2985
4779
2843
1564
4287
3303
1355
4832
1491
2440
1306
3713
4558
1428
2570
1454
1756
2298
1173
2895
4044
1128
2585
1085
1758
4094
4644
3150
4462
3344
1468
1639
4129
1846
1813
3270
1136
3553
2444
1954
4594
1037
2865
4087
2995
4155
1057
2417
1764
2400
2036
3486
1813
4888
4986
4358
1607
4208
1577
2571
2738
3598
2672
1648
4977
1494
4810
1983
4215
3072
4676
2739
2763
1957
4093
4518
1665
3386
3193
3222
1677
3609
3168
1445
4197
2909
3282
1544
3326
4486
4714
2575
3422
1891
2412
1540
3688
4702
2539
1406
3938
1913
2042
1579
4206
3507
1728
4918
1681
2234
1690
4341
4122
4071
2111
2285
3054
4770
4707
3843
2756
2313
1550
4458
3540
3152
1477
4294
2918
3555
1212
2043
1924
2896
1560
3759
3203
3276
2460
1118
1585
2108
2108
3706
2734
4690
1777
1457
4744
3551
3002
3822
4740
3655
3927
3263
1468
3603
2959
1150
3431
2747
1463
2858
3995
3734
4538
3372
1157
3586
1500
1570
2681
3996
2438
1225
3658
2077
3761
4313
1632
4983
2462
4379
3501
2673
2831
3500
3403
3175
3738
1262
1422
1751
3474
4088
4131
1041
2888
1783
2754
1451
2991
4474
2194
2950
2858
3231
4400
3120
4755
4944
3603
4111
2373
1937
4880
1407
2177
1725
2357
3846
2146
3763
1022
1162
2334
2423
3314
1592
1254
4775
1745
4164
2211
3919
3952
1688
1075
1839
4007
1627
2595
1065
2301
2815
2104
2810
2625
3967
1301
4473
2546
3009
4318
2777
3597
4104
2435
2815
2191
1950
2766
2705
1732
3970
1382
2784
4329
1679
3327
1754
4544
1347
1779
1097
1592
3887
2917
3465
2766
3385
4944
4690
1444
1856
1458
1141
1669
4709
2864
4716
3487
1959
2296
4454
4321
2208
4426
4595
2475
3842
2244
4916
2269
3463
1275
1004
3460
4375
1378
4708
2019
1726
3522
2506
2134
3095
3877
4414
1356
4048
3269
4354
3392
2636
1256
4331
3296
3570
3734
3771
2174
1155
1446
4127
4630
1263
3211
3658
3340
3121
4123
4979
3410
3654
1666
1357
3554
4102
1165
1307
2516
3669
2100
2038
1239
3660
4191
2023
2626
1867
3884
3028
3128
2727
1550
2592
1278
4442
3903
2389
4243
3910
2469
3095
3603
3702
2915
2176
4440
4937
3414
2675
2912
2552
1552
3444
4205
2038
1133
3778
2567
2538
4323
4940
3347
2000
4001
3774
4302
4709
3912
1922
2214
1102
4861
4033
2434
4717
3443
1122
4027
4969
2558
1665
2615
4884
2319
2543
2932
2914
4220
3884
1543
2093
2286
4077
3139
2155
4401
4018
4190
1433
4939
4688
1997
1754
1433
2503
2279
1041
2756
4034
4612
3629
3968
4356
1442
2591
4437
3235
1832
2229
3658
4960
1647
2543
1020
4395
2841
4506
2537
3200
2597
2729
2838
3446
2120
3898
2799
2986
2363
1358
4364
3163
4053
1921
4324
3642
2198
3403
1596
2285
2695
3030
1353
3461
3579
4353
3887
4144
4060
1771
1164
3049
1170
3930
3735
3409
3153
4550
3155
2831
4411
1170
4787
4788
1865
3367
4910
4876
3739
4654
4239
3706
1903
4614
2847
3891
1747
2959
2560
4954
3050
2107
4790
2991
4224
2639
2480
2779
2274
4548
3857
1684
1093
1935
4222
1029
3601
2608
1703
2588
4577
1314
1132
3236
1809
1303
3124
1675
1781
3199
4593
1714
4274
2738
1193
4106
2735
3478
3187
1283
4869
4811
2623
1723
4285
1775
2927
2594
4752
4867
2703
1043
2962
2732
1597
3984
4261
4209
4336
1834
3201
4587
2403
4632
3150
3996
3950
1787
2363
2330
2102
4522
3690
1207
1430
3582
1002
1451
4503
4323
4119
2461
3695
4566
2854
1033
3338
2250
2845
3025
4325
4403
1605
1806
3260
3106
4211
4312
1311
1644
3472
4767
3999
1841
2984
3761
4035
3223
4007
1413
4228
4416
4412
4266
1757
2268
2134
4752
4777
4923
4748
4582
4722
2169
1462
1054
1582
3140
3788
3556
4064
4985
2292
3108
1393
1306
1952
3967
2085
1312
1071
2487
3055
1664
3366
4839
2637
3667
1319
3202
1544
1406
3055
4179
1138
1533
3546
4900
1221
2961
1250
1795
2031
2928
1907
2622
2916
4292
3483
2211
4688
2947
4629
1989
2332
3017
2065
4228
2881
2195
1885
2000
3844
3896
4060
3208
4276
2052
3520
1162
2521
3130
3063
1817
4019
3883
2216
4897
3877
1005
2850
1604
4117
3163
2799
2597
2779
4275
4149
2681
3430
3820
3911
1631
4622
4422
1321
4523
4036
1774
4585
4338
4921
4047
1884
2665
3167
2084
2552
1711
2835
4340
4441
1434
3685
4233
4300
4807
3703
4779
1118
4796
1985
2518
4216
4953
4967
2126
4596
4309
2587
4697
1290
2310
3429
1467
2536
2844
3582
2663
4613
3027
1219
2545
2708
3603
3063
2381
4979
1207
3199
3561
4157
4496
4640
2154
3777
2417
3153
4546
3349
2915
3882
2842
3053
3665
2982
3470
4115
1930
2289
1575
2306
3932
4820
4273
4058
1427
3921
3710
2188
1030
1202
4747
2082
2029
1511
3163
3624
2509
3714
1194
1326
4402
3990
4590
1855
4435
1843
2631
4482
2463
3538
3833
4620
1013
4227
1586
2629
3791
2853
4754
1619
3221
3534
3810
3584
3168
2080
1329
2813
3500
1483
1006
2894
1906
3470
1203
4327
1560
4682
2012
4846
2669
3938
4161
2670
4422
1328
1062
4997
3827
1555
1005
2716
1213
4466
3370
1915
1720
4659
4054
2943
1553
4031
3539
4631
2692
2904
1588
3935
2521
4417
1627
1293
2152
2997
3015
3794
3940
1778
3867
4626
1707
2683
1127
3583
2235
2442
2253
2692
4031
3138
2281
3794
4236
2948
1988
2126
1949
1132
3511
4744
1130
3703
3427
1699
2199
1474
1539
2618
4974
1712
1628
1064
4846
1950
3550
3657
3945
2250
1686
3339
3763
2057
2683
3818
3365
2654
4102
3666
4296
1532
1038
1643
2106
1096
1867
1052
4366
1282
1715
4935
4674
4958
2310
2352
2722
3768
4785
3251
4826
3623
4278
3049
1211
4249
4799
3234
2117
4306
2805
2360
2980
4854
2208
4586
4648
4231
2369
2560
2747
2338
4114
4318
2451
3355
1268
3996
4558
3485
3490
1661
2093
1572
1612
1696
1929
1709
1943
4137
3268
3702
2701
4062
2792
1421
2912
3096
2461
1689
4027
3350
2758
4773
3695
3610
1542
3111
4524
4012
4822
1256
1474
1433
4552
3068
4542
2725
2292
1773
4088
4089
3186
4407
2780
4564
2783
1374
1767
3691
4326
3685
3272
2969
1677
3537
3090
2692
3071
4299
3974
2049
4738
2526
4137
2688
2180
1291
3837
2422
4404
4584
2790
3686
3254
1014
1716
2974
2010
1331
4430
1395
3120
3296
3127
3344
1841
2257
4012
4016
4513
3556
2791
4962
1964
3851
2803
2215
2955
3646
3611
3397
4125
2931
3589
1797
3520
4316
2481
2188
1756
4002
3215
2746
3191
3180
3803
2127
2431
4381
3324
3032
1053
1390
2565
2555
4857
3740
2751
3302
1865
1939
2636
4635
1095
4020
3589
1416
3706
2171
3974
4324
3296
2188
3132
2776
3266
3764
2607
1587
1664
3131
1788
3348
2822
3260
3783
4215
4542
3150
1708
3035
3400
2665
4443
2088
3105
3094
3621
1651
1718
1503
1042
2268
1386
2941
3840
3288
4997
3688
2200
3300
4706
2445
4277
1923
4371
4071
3189
1126
3789
3472
3775
1884
3960
4174
2474
2926
2702
2543
3991
3217
2700
3213
1935
1040
2263
4951
3849
3868
3326
4805
3374
1607
3984
1664
1332
1926
4665
4896
3952
1143
1586
1105
4529
3550
4896
4885
2855
1377
1326
4184
2368
1865
3395
3513
1235
1487
2257
4248
2217
4196
2776
3020
4232
2023
2986
3779
2898
4874
2623
4100
3707
2686
1817
1806
4771
2429
3925
2945
1853
3222
4359
3787
1995
1282
3458
3061
1673
2122
4377
2664
4110
1368
1400
3470
1321
3882
2362
1470
3458
1173
3393
1699
1637
1897
4787
4870
2301
1307
3466
1318
1789
4089
3341
3285
3659
3910
1059
1940
2918
1426
2855
3085
3019
1467
4135
3572
1158
2170
3857
2000
2668
4318
3910
4110
1559
1186
1266
4958
4000
1318
2484
3197
4463
2638
2290
3118
3824
2030
4776
4661
2141
4194
4471
2336
1549
1815
4255
2659
2970
3185
2785
3064
1726
2971
3663
1034
1670
4900
1198
2374
1914
2878
3570
4768
2946
3560
4888
3557
3914
4939
2705
3823
2214
2054
4512
3048
4461
3332
4818
2548
3761
2939
1029
3752
4542
2153
3522
2473
4561
4565
4781
4657
4251
1175
3473
4582
3949
4177
1397
1934
4075
4703
1612
4604
3317
4366
2683
4031
4889
4884
3824
2564
1339
4052
2470
2946
1633
2962
2430
3992
1581
3061
4195
2696
2940
1108
3190
3412
1172
3892
2396
1843
3628
2038
1941
4184
2820
4661
1308
2760
3358
2126
1213
4445
4518
4147
1673
3838
2768
3128
2045
4207
3199
3902
1339
3909
3924
1727
3324
2228
2531
3756
3265
2609
2304
4817
3725
4320
2018
1546
2381
2859
2733
3990
1398
2300
1222
1575
1052
2523
1094
1451
4725
4654
4539
1066
3400
2465
2297
3216
4840
3660
1902
2606
1398
1344
1484
3342
1920
2652
4514
3701
4528
3422
2540
2786
2382
4920
1879
4378
1257
1004
4597
3713
3599
2350
1787
3934
4641
4949
1095
1831
1812
4045
3760
4891
2211
3760
2704
2764
4359
1267
1690
1302
2318
1276
3534
3320
4643
4949
2361
2464
1302
3108
4621
2323
4117
3157
1781
3809
1370
2244
3255
1692
1352
3123
4708
3004
3249
4504
2928
2323
4113
1399
2365
4164
3249
2975
3302
1279
4419
2589
1508
2912
1360
1745
3106
2646
2131
3518
3874
3580
2013
2191
3223
4066
4919
3362
3599
3583
4918
1329
2925
2268
1474
3656
2235
2082
3348
2292
2588
1823
4401
1506
4979
2022
4244
1959
2309
4525
4860
4030
4519
4531
2006
1952
4184
3136
1799
1198
1842
4940
2326
4017
4446
2108
2900
4738
3873
1624
2871
4988
3588
2282
2595
3550
2877
3119
4632
2669
2527
1320
4145
4425
1538
1706
2412
1052
1106
4940
4758
3612
1231
1559
2589
2555
4077
2927
3876
2529
4727
2691
2430
2171
3968
2391
3733
1649
2523
4912
4464
2708
4098
2071
4540
3135
3906
2670
3683
3077
3773
1966
2962
2181
2299
2462
4839
3111
2103
4274
2472
1033
1237
1013
3118
1089
1896
2028
3263
1044
1474
4633
3752
2989
3799
2628
3642
2517
1089
4629
1282
2616
1547
3871
1950
3484
1749
4592
2413
3910
2627
1890
3995
4207
2601
1196
2680
1161
3910
3933
4516
3527
1217
1902
4426
3316
3985
3028
1065
4591
1159
4779
4637
4059
1201
2847
3725
3108
2210
4403
1871
1918
2053
3300
1066
2955
3324
4167
3836
4155
4003
3944
4584
3583
2770
2138
1126
4249
3230
2374
1318
1866
4824
2210
3408
2219
4313
3987
1643
1289
2990
1581
3821
3720
2070
3301
4326
3456
1398
1913
2709
3471
3879
1487
4287
4758
1516
1471
2857
1615
3931
2962
2109
1275
3111
1414
3834
4816
4047
1496
3274
1951
1357
1157
3529
4638
4677
1779
3721
4647
2195
3377
2247
1661
1258
3594
4698
3803
2712
2231
4419
4690
4695
2003
4080
4099
2190
1574
2482
2241
4923
2465
4089
1580
3333
4924
2975
4057
4151
4063
3848
4782
1902
3098
4633
4304
2352
3866
4630
3982
3344
1533
1694
1686
3499
2381
4862
2887
2860
4117
4282
3724
1468
1152
4103
2027
1467
4971
2570
3410
2053
2766
4919
4454
1343
3070
4513
3390
3543
1962
4005
1747
4903
3915
3911
3825
1622
1057
4758
4291
4555
1355
3831
1378
1635
3049
3316
3375
2946
1081
1930
2705
2329
4724
4595
4294
3006
2670
4340
3413
4071
2894
2083
4368
1917
1360
1804
2398
3519
4892
1064
3948
3529
2354
1739
3496
3598
1425
4033
2841
4683
4374
3170
1865
3795
1260
2651
1724
1598
2826
4855
1240
1991
1493
4264
3871
2405
1350
1811
1744
1684
1431
2258
3523
1150
3898
4447
2932
4699
2412
2771
2288
3323
2525
1447
2082
1850
2470
1321
2324
4315
1600
2837
2390
4579
1936
3880
2367
3222
3300
4389
4316
1004
2103
3662
1117
1499
1155
4053
4226
1909
4128
2611
2140
1019
3649
3577
1615
1449
3498
4136
3771
2768
4117
1898
2172
3579
3182
1262
2990
3828
3627
4388
1394
4509
2107
4368
2261
3725
2062
1481
4659
4189
2950
2552
2696
1022
2765
2365
3025
3537
4420
4572
2812
4131
2661
3232
2034
4526
3418
4909
4760
1305
2393
2720
2045
2356
4976
1749
3442
3590
2915
3091
4695
2575
1887
3764
1170
3032
4643
3995
4091
2146
1590
3102
1813
4326
1326
3524
2868
4384
3977
2562
4309
1079
1977
2084
4574
1467
1847
4329
2832
3527
1796
4298
1197
3507
4348
2622
4109
3320
3919
1578
4349
2308
4277
3923
3147
2657
4273
2737
2445
4558
3723
1617
3545
4608
4888
3709
3738
3614
4952
4274
4249
1568
2533
3166
4498
3452
3778
1197
3829
2057
4521
3233
3631
1599
2851
4430
4406
3105
3675
4304
4850
3339
4991
3480
1504
2349
3411
3744
3285
1532
3025
1815
1140
1335
3382
3897
4317
2455
1476
4452
1173
1339
3449
2143
2433
2846
3194
2002
2697
3604
3104
2807
3678
1642
4991
2694
1923
2669
4364
1174
4242
1852
1286
2565
4062
3882
1981
1378
1722
4751
3131
3703
3895
1566
4825
1842
4427
4360
4840
3520
3224
4526
1778
2322
2708
3735
2896
2665
3860
3511
1794
4823
1459
4717
4159
4471
4357
1646
4276
4536
2360
3642
3872
4279
1730
4516
1680
2391
2457
3704
3465
1678
4345
4649
4668
4875
3240
3237
1737
4673
3037
1910
1731
3365
1544
2706
4241
3261
2847
1349
2473
1147
2946
4326
1249
4125
4238
2270
2680
1868
1072
4483
2470
4309
2302
4245
4955
4281
2650
1358
2780
2552
2487
1695
4070
4397
3180
1503
4138
4463
1068
3729
4340
2089
2718
1530
1327
1942
2129
2992
3783
3572
3495
3636
4407
2455
1271
3698
3268
3309
1503
4851
1016
2897
4625
4159
3197
2511
4528
3955
1548
1122
3419
4554
1693
2291
2209
4061
1341
2983
2017
4403
1267
1149
3342
4468
3751
1817
3398
4165
4428
4911
3146
3614
3524
2024
1378
3276
2501
1788
4599
4999
1148
1251
3519
4411
2670
4430
3041
1233
1500
1995
3505
1771
1771
1279
3628
2842
4094
4979
1636
3164
4726
4203
1648
2420
2066
1726
3445
1259
3569
2940
3213
1375
4161
4188
4076
2765
2134
4528
3027
2487
2125
3247
3628
2762
2824
1609
4822
1146
3218
2809
1082
4406
4132
3974
3157
2009
4493
3647
2092
1983
4244
4152
3941
4392
3729
1707
2854
2025
4250
3857
4724
3394
3538
4563
4684
4899
4738
4979
4795
2499
4689
1073
3525
1665
2257
4801
3053
4138
1886
4386
2087
3955
4140
1521
4445
3388
1013
2389
1732
1155
4855
4202
4980
1293
1310
4595
1010
1154
1523
3360
2744
3687
3552
2348
1785
4394
4153
3856
1437
1722
3373
4576
4832
3272
2397
3893
3262
1948
1715
2826
4083
3052
2367
1742
1756
3103
4873
1174
3510
4249
3100
2921
1633
3309
1008
2350
2142
1698
3854
3782
4302
4824
1587
1609
1267
3379
2709
4522
3606
3858
3290
4581
3025
3699
1620
3765
3623
4322
3529
4163
2085
1570
2402
4862
3128
3025
3809
2588
4798
2463
1684
3310
3206
1446
1890
1214
4629
2973
4686
3261
4897
4489
4949
4973
1631
2698
3086
4603
3232
4791
4824
3816
1416
2166
3984
2310
3687
4682
3551
3876
2321
4031
4644
4380
3307
2236
2387
3151
1807
1503
2904
3420
4889
1491
4472
4289
3341
1928
1152
4407
1576
1462
1612
2632
4875
3415
4156
2335
4569
2335
1437
2496
2724
2876
3550
3521
4163
4323
1884
2092
2280
3542
4380
3413
2534
1654
2211
2983
1704
3078
2616
4835
2166
2092
4477
2550
4533
2509
3216
4905
2329
1726
4488
1983
2358
4612
1464
3611
4151
1583
3511
1770
4673
2767
3775
4243
4298
4496
3163
1405
4763
2659
2781
1570
3612
1892
1272
3513
2969
2752
3497
2375
4293
4483
1392
1657
1731
4445
4634
1340
1175
1723
4708
4432
4637
3467
2579
4867
2339
1510
1307
3331
1060
2611
1232
3388
4099
1424
1392
4965
2079
1726
4282
4479
3382
1310
2846
2296
1772
3681
4178
2670
1333
4090
2216
1412
4889
4209
2318
4236
2449
4210
1350
1216
2412
4257
3327
3667
4362
4533
3470
4320
2300
4850
2164
2977
4179
4679
3488
1990
1580
1663
4202
3531
3321
4603
4244
1884
1420
4201
2359
3756
4986
2185
1708
4733
4886
2309
4748
4525
2009
1149
3474
1567
2715
3171
1399
4345
4978
3126
2027
3094
2339
4708
4377
2800
3130
4725
1782
1593
4008
4795
1713
1567
2503
3474
3078
4825
2737
4716
1196
1207
4943
1691
3456
3533
1521
4250
1079
3991
2986
2477
1450
1064
2137
3611
1106
2550
2566
1697
1994
4484
4169
4941
2361
4809
1143
4325
3628
4774
2685
2439
2118
1446
3148
3949
2554
3586
2954
2667
1749
2920
1874
4627
3342
2893
1397
4070
2516
3213
2102
3521
3673
4202
4368
4300
1894
4933
1771
3809
4290
4986
2676
1480
3560
4367
2027
4627
2725
4955
2820
2708
2835
4456
1259
1369
1024
2935
4153
2948
4322
1732
1418
2385
4949
1331
2835
3903
2219
3281
3103
1839
2453
4110
4928
2579
1884
2917
4777
2610
2987
4238
1803
3557
1097
3970
1754
1287
2080
3949
3178
1694
1705
1454
3802
2048
2878
1778
3029
4902
3691
1849
1020
4720
2571
1669
3255
3216
2803
4832
1288
2792
4841
4634
4595
1509
2478
3715
3149
1659
1621
3247
4991
1710
2420
3237
1851
1952
2510
1313
3211
2761
1176
2883
2846
2266
3829
1745
1811
1776
2796
1536
2694
1368
2621
4094
3002
3649
1498
2365
3177
3785
1314
4665
3711
2283
3838
1725
4560
4321
1930
4627
2282
2573
4770
4517
2224
2384
3852
3088
3476
2530
2618
3814
4142
2304
4336
4895
2057
2124
1680
2933
4719
4299
3051
2622
2888
2656
4100
2504
4597
2041
3718
4051
4427
4634
3732
4828
2960
2991
2746
1110
1898
3106
4757
1953
4429
2875
2699
4008
4101
3334
3829
2098
3995
1189
1248
1290
3927
3477
4016
4834
3524
3695
4434
3792
1292
4004
1383
3706
2659
3212
1335
2475
4933
1588
3341
4991
4176
2904
3809
2577
2787
3345
3880
3746
1413
1438
4772
2076
4996
3677
4738
1026
3349
4057
3232
2847
4578
4530
1597
2028
4541
1994
4193
3568
2593
4100
3906
2301
1089
1278
3523
4235
2607
2706
2733
1011
4933
4906
1128
2732
3026
2050
3709
2700
1553
3372
3722
1720
1867
2416
3725
4922
4076
1627
4141
2350
1651
2223
1992
1118
4384
3764
2771
1027
2333
2962
1944
2118
3928
2066
2989
4350
3298
4398
4435
3453
3453
2413
2189
3636
4790
4580
2168
4377
2336
4035
4131
2024
1819
3331
3563
2733
4463
1134
3585
1080
2901
3508
4647
2603
4827
1265
4346
2983
4174
2113
1997
4631
2559
2841
3724
3594
4283
3307
4073
3728
3375
2988
2378
4691
1392
1592
2344
1843
1322
2830
3996
4524
1184
1352
2680
3855
4570
3461
4018
1489
2320
2314
1758
1707
1638
3694
1531
4971
2457
1852
2736
1095
2983
4612
1216
2446
1996
2478
1277
3700
2371
2316
4571
2233
2352
1600
4238
4059
1910
1551
1774
3039
4037
3759
1671
2108
2389
1554
4216
2751
1272
1248
2915
3230
3336
3769
2503
1733
3866
2398
3548
3968
2262
4938
1895
4042
4209
4476
2037
4285
2301
2792
3443
2940
2529
1216
3084
1351
3677
2767
2636
2795
3797
3468
3241
1327
2016
3039
3807
3220
1102
2798
3167
4800
2133
3514
2510
3421
3094
1885
2161
2074
3202
1882
1884
1670
2814
1525
1827
4013
2243
2455
1077
4172
3407
1297
3550
2646
1781
1641
1718
2131
1873
1739
3981
1223
2811
4485
2909
4256
1482
4068
2322
1967
4732
1939
2799
2755
4789
3117
3102
1113
2148
2954
2011
2944
3545
3092
3382
4028
4823
3559
3350
3030
2031
3446
2198
4528
3970
1062
3067
3979
1696
2160
4276
3515
4637
1214
3019
3103
1523
2657
1510
1614
1171
1590
2264
1715
4815
3221
2756
2883
4343
1253
1911
4082
4159
3088
4667
1390
1261
4423
1096
2609
4165
1977
2277
1065
4437
1245
2010
2678
4231
4799
1399
4199
3526
3674
2635
2329
4251
4580
4620
2303
3843
3624
4268
4702
2285
4909
2804
2138
4289
4867
2155
2214
3241
3125
1379
4709
1715
2908
3973
4205
1842
1205
3939
1256
2107
4788
3870
2879
1621
2093
1527
2982
1458
2772
2939
3298
2510
1917
4523
3351
2361
1221
2788
4665
1105
3495
2460
3281
2901
4206
1433
1304
3299
1183
1066
4239
1952
4317
4168
2048
3389
3150
4808
4570
2833
4833
3523
1003
3330
1222
3474
3665
4459
2598
1626
3965
1102
2220
2640
1754
4061
4419
1423
3055
4415
3150
4864
4448
3289
4524
1089
2014
4416
2644
4825
2376
2323
4801
3255
1423
1711
2162
1724
2898
4483
2396
2202
4713
1845
1145
2137
1242
1640
3788
2229
1233
2980
1074
3627
4559
1310
1469
2207
1396
4493
4880
2416
4468
2178
2433
2213
3074
3035
2706
1214
3194
1677
3123
4432
4687
3418
3958
3840
2616
3017
3323
2737
2962
4074
4843
3412
2101
4043
2421
2965
4131
1913
4629
3165
3379
3741
1292
4219
3239
1283
3918
4415
1884
3196
4217
1606
4543
4946
2879
4903
2904
3205
1610
2070
1908
2866
3308
4974
3605
3946
3251
4991
2110
3476
1532
2345
2765
3068
2391
3866
1241
4761
2355
3522
1723
3177
3999
3821
4045
3178
1550
2898
2892
2261
4744
1933
4390
1037
4540
2732
2870
2710
1333
4288
2579
3671
2051
1263
4914
2078
1951
2935
3310
3299
4709
4326
3914
1822
3017
1397
2770
4124
2715
1193
4671
3282
2985
1685
3519
4353
1096
4488
1611
2419
2653
1065
3497
4819
2783
3182
4728
3874
3941
1231
3318
4904
2551
1080
3619
2652
2781
1254
4150
1380
2001
3898
3807
2184
4992
2501
3244
3342
1807
4522
3733
4317
1378
2601
3878
4710
4663
4136
1429
3084
2220
3602
2931
2521
2978
4760
1157
1692
4031
3263
2676
2281
1039
4784
2653
3148
4364
3959
1960
2661
2135
2573
2125
2015
3755
4492
1887
2347
3367
2033
1596
2499
3095
4295
2104
3698
3906
2090
4546
2481
4597
2894
2500
3146
4246
4341
2199
3531
4288
3668
3327
1879
2587
4264
3575
1729
4353
3026
2291
2615
4518
3989
4177
4254
2591
4064
4093
3790
3719
1443
4648
2312
4043
2243
4929
4698
1840
3362
3712
3882
1584
2072
2132
4109
2004
2453
4753
3136
1140
3657
3368
3553
2559
4144
3032
1909
4693
1417
1350
4816
3572
2543
4556
4973
3387
2551
3329
1255
1614
1831
1958
1149
3035
4347
1499
1508
3810
4856
4155
2648
1987
2100
1116
2721
3508
1554
2458
2207
2986
1870
3786
1867
4235
4019
2593
4511
1133
1936
4025
3024
1897
1503
1502
1435
4821
1108
1646
4190
3897
4731
2222
4030
4534
4959
2641
3862
3531
1457
1063
3873
1200
2884
2720
4187
4792
3224
1208
4564
2515
2426
1915
4431
2185
4340
4199
3210
4533
2721
2503
1436
2681
3060
3350
1241
1561
1419
4714
4131
4132
2784
2785
3104
3671
2751
1282
4742
2648
4950
2506
4722
2704
1078
3031
4733
1764
4961
1080
1104
4380
1530
4630
2943
2894
1176
2483
4155
1439
3865
1788
3946
2067
1536
4997
3735
4751
3608
4166
3140
3529
4380
3338
2169
3806
2620
3156
4028
3043
4030
2749
1990
3187
4893
4633
1111
2881
2040
4325
2809
2159
2410
2493
2342
4364
1931
3536
3616
1197
4015
1296
1980
1416
3893
4558
1510
3644
1021
1143
4238
2647
4284
2522
3365
4823
2196
3150
1109
3296
1340
4932
1423
4985
1109
2299
2347
4193
3100
1129
1575
4372
2634
2172
3526
4763
4893
4700
1672
4449
3821
4035
2571
2691
2888
1163
4084
1511
1938
4208
2965
4554
4261
1088
4525
3351
2425
3058
4696
2017
4778
2981
2546
4490
2722
1742
2872
4946
1495
4762
4823
2365
3363
4378
4272
3525
3437
3463
2348
2230
1797
1730
4052
2673
1308
1969
1396
3680
3863
1658
3298
4836
1662
2134
3468
3689
3578
3497
1128
2889
1585
3546
4717
3139
3501
4954
4075
1354
2213
3778
3863
1025
2253
3343
2160
3067
4957
1875
1734
4498
4136
1930
3193
4589
2250
1552
4194
2476
3084
1889
3587
1684
2475
2059
2459
4178
4704
3975
1760
2367
3945
1397
1282
2620
4486
4483
2564
4577
1583
1566
1935
1087
2790
3696
1363
1842
4347
2219
2321
2816
3573
2000
4392
2091
2741
1348
4082
2166
3260
1102
4111
2970
4482
3149
4842
4943
1680
1583
1524
4081
2843
1001
4310
2774
1047
4792
4011
2117
1007
4895
3301
2659
4967
1292
4878
1026
2620
4830
1185
4475
3593
2073
4919
3324
1637
1794
3824
4087
1317
1923
1942
2893
1792
2330
1968
3109
4947
4057
3897
4578
3207
3167
3424
2083
1506
3681
3003
1890
3829
4634
3340
3857
4262
1357
2986
4346
1510
2446
3781
4960
2126
1826
3199
1996
3223
2965
2710
2595
2909
2443
3437
3451
4273
3062
3176
2683
4299
1332
1543
4921
4932
4046
2194
2958
2893
4354
4445
3971
3295
1091
1138
1377
4009
1639
3478
1312
3494
3050
3422
4067
3971
4000
1195
2761
1689
4884
3028
3651
1611
1326
4071
2061
3256
4963
3650
2087
3938
2322
2685
4879
2448
2556
2719
2437
1671
1097
1657
1976
2414
3361
3164
1686
1335
4539
4108
2009
4671
3204
4810
4731
2053
3453
2586
3188
4144
4927
3354
2924
2674
3674
2472
2987
3286
3937
2312
3477
2097
2142
2073
1949
2319
4557
3125
3301
1472
3254
2099
1322
1869
4050
1764
1184
4036
1046
2784
3423
3798
2886
3556
2677
1136
1239
2924
1796
1942
4683
1036
1356
1743
2080
1950
3631
3171
4677
1462
4828
2969
1361
2790
2729
3437
4675
3444
1498
1488
4954
3903
4301
5000
4338
2547
3912
2249
1792
3406
1981
3244
3217
4651
3404
4869
4282
2237
2472
4217
3142
1042
4256
2802
2437
1436
4426
3698
3524
2501
2768
1599
4676
4384
1570
2310
1420
3531
2465
2931
4399
2917
3200
3214
3940
4020
1641
1236
4682
4340
1266
1064
1074
1216
2685
3423
4490
1903
3776
1818
1230
1197
2304
3481
2994
3327
1242
2063
4491
3170
3545
3954
1700
3137
2934
2959
1297
2448
4103
4910
3386
4283
3103
2135
4012
1123
3806
1716
1628
4822
1326
3180
3357
4672
2363
4157
4327
4286
4684
1061
4735
4095
1918
2231
4630
4220
3086
2502
3325
3910
1587
3780
1102
2659
4700
3252
1535
3606
2591
1131
4413
2936
3565
1276
4976
2651
2938
3509
1250
2929
3574
4269
2278
1019
4485
2996
4676
1891
2332
2340
2431
1181
4200
5000
2465
2015
4690
4180
2803
3573
1894
4009
4030
1015
2367
1897
4969
1160
4471
1618
2076
4256
3749
2739
4292
4202
4723
4744
1500
1280
2647
4670
3999
3068
4801
4809
4272
4397
3170
3556
4209
2043
3827
2222
2353
4459
4711
3710
1036
3022
3125
2379
4368
1565
4553
4093
2767
3472
2825
4665
1672
1266
3321
2729
3506
2596
3415
3908
2933
2126
2360
2477
4881
3088
3843
2103
2292
3872
3127
4541
3457
3036
1778
2126
4546
4268
3641
2295
3124
1190
1347
1825
2952
1160
3505
2468
3534
1822
1138
4063
1293
3350
4743
3998
3316
4214
3306
2557
2416
2793
4869
2253
2338
3872
4904
2080
1459
4097
3111
3537
2168
4066
4197
1743
3411
2555
4624
2120
2626
3711
3073
1561
2356
2119
4741
1496
2448
3399
3334
3596
2725
1086
4623
2039
1050
4670
2680
4444
1128
3301
2526
1257
1789
2090
3089
1328
4599
4407
2186
1010
2297
4160
2346
2198
4515
4453
3842
1179
4817
3940
2018
1994
1560
3000
1830
3374
4203
1200
2928
2871
1886
2847
2737
3445
3778
1348
1246
4251
3569
3224
3431
2004
1197
3708
3847
3555
4323
2753
2286
1241
3064
2601
2258
2989
3151
4091
1613
2643
4528
2308
1485
3837
2898
1732
4583
2286
3144
4415
2747
3064
3014
2223
2324
2220
1895
4747
2653
3995
3345
2558
2514
1210
1555
2957
2135
4715
4829
2940
2721
3912
1528
3985
4717
3074
4368
3925
2174
1219
1229
1744
3460
3179
2244
1832
2384
2236
2695
1401
1817
1275
2621
4262
4740
2697
1216
2549
4807
4504
3444
2978
1748
1885
3195
3266
2093
3806
3233
2083
1940
4272
4431
1409
4969
4997
4509
2240
2826
4450
2390
3141
3105
3866
1804
1333
1895
3080
4996
2110
4128
3205
1957
4569
3263
1171
1754
4143
2738
2536
2955
4233
3721
1727
2325
1190
2421
1273
1087
2236
2312
2465
4914
4406
4511
1239
2965
2210
3051
3566
3769
1306
4501
1503
4438
3154
2388
2586
3778
4888
4108
2405
2755
4743
4906
2592
2345
3380
4240
1813
3479
3862
1505
4537
4659
4395
2679
3858
1057
2744
4591
3760
3755
2155
3148
2060
2210
2073
2553
1390
3218
4706
1674
3547
1315
4833
3895
1865
4207
4561
3768
4729
4230
1438
2281
3461
3366
3477
3019
1071
4931
2250
3527
2013
1986
4080
2634
3658
2106
3257
4053
2014
1298
4297
4487
4750
1009
3433
2826
4029
3396
3802
4286
4768
3650
2440
2777
1242
2404
2058
2443
4840
3384
3635
1908
4804
1121
1208
3794
3598
4133
3743
4317
2272
2800
4818
1983
4621
3530
4991
1432
4552
4177
2749
2869
3942
4079
1715
2629
3997
3121
3374
3168
4286
4249
1552
3872
4972
4776
3566
4819
3261
3649
2381
4013
2425
3798
3333
3050
2499
2786
3267
2440
4405
4948
3463
2530
4949
1506
2296
2286
1338
2758
4379
1552
2853
4345
1146
1834
3344
3585
2379
2818
3857
3915
3455
3701
4403
4184
1949
2135
2109
1163
2056
4227
4426
1924
2584
4693
3754
2593
2067
4698
1188
1003
4075
4208
2113
3410
3864
4419
3040
4976
3227
2959
1215
1225
2314
1866
1149
1614
1341
3938
4835
4544
2160
2097
3114
4785
2730
4831
2049
4008
4798
3087
3583
1798
4351
1269
2152
2323
3456
3489
4065
4712
4647
2896
3246
4977
4128
1534
1310
2706
3346
3085
3199
3919
1850
1402
4438
3505
1523
1664
4394
2829
1840
2385
4758
3681
3906
4312
3412
4075
4476
4363
2886
4343
3307
1279
4900
1244
1703
4481
1245
1506
1245
1619
1290
4565
1306
3926
1040
1325
3964
2141
2396
2389
3151
2952
3583
2264
1788
4227
2339
1852
3129
1984
2916
4559
4093
1500
2216
2493
3104
3928
3990
1024
3343
4501
3989
2148
3717
3567
3576
4305
4369
2747
1616
2277
1723
3375
4745
1946
1393
1346
2032
2483
4696
3927
1009
1287
1709
2840
2231
1827
1617
4022
1340
3862
4056
4152
4306
4999
2129
2634
4601
2943
2759
1138
4330
1685
2710
1480
3149
3431
2872
3609
4588
2355
1709
4835
4146
2505
1418
3008
2855
1643
1105
1335
2626
1546
3719
1108
1889
4926
3939
2650
1498
3565
4249
2743
2668
1517
3173
1120
3964
3341
2374
3062
1784
1373
2936
3896
1302
4175
1879
4015
4665
1213
2148
2740
2003
4693
3925
3429
4321
2304
1466
3193
3605
1387
1168
2448
2041
4120
1428
2114
4752
2054
2757
4500
4083
3355
1664
3084
2171
3255
3879
4420
2618
1586
4201
2042
2565
4629
2761
2553
3748
3436
3327
4779
4934
4424
1410
1695
1200
4773
4165
2636
4525
2949
4213
2023
3872
4989
4696
1601
4829
2204
4637
4778
1377
4517
1710
3237
2220
4581
3438
3406
3116
3123
1525
1975
2279
2223
4476
4533
3659
3144
4292
4814
1103
3101
3302
3905
2005
1732
4183
1290
1850
2525
2413
3166
2019
1327
4795
2979
4051
3444
1759
3807
3501
4753
4146
1149
2331
4660
2040
4531
3393
3527
1067
4255
3483
2254
4197
3882
4275
3117
1242
1316
3744
2434
4469
2177
1248
2234
4394
1111
4604
4881
4313
3089
2806
1527
1900
3426
2765
3128
4211
2658
2662
1083
1394
4921
3815
1229
1919
3029
2191
3139
1049
3162
4503
1826
2015
4967
2948
3681
1759
4089
1081
3552
4984
3523
3968
4526
2831
4595
4424
3664
1149
1790
1455
3938
3565
3470
3013
3183
1977
1950
4970
3198
3397
2303
3429
3411
1791
1339
4844
2381
4500
3234
2813
1915
4409
4502
1502
4327
2434
3591
4090
1812
2284
4203
4812
2627
2124
3235
4079
4825
4954
2451
2990
2888
2489
4015
3824
2677
1618
2289
1252
2736
3902
3961
1644
3684
1509
1037
3684
1066
3375
2620
2303
3888
2934
3595
1099
1792
3570
4067
3188
4098
2599
4370
3385
2590
2716
4608
1886
4027
3000
2797
3745
4221
2030
4210
4737
1918
4450
2947
4026
4641
1023
4384
3444
4884
1471
4435
3523
3863
3628
1576
2868
1821
2642
2607
1037
1400
4693
3372
1837
4498
3454
3304
3317
4764
2341
2667
4697
4988
1823
3854
3431
2075
1867
2603
1854
3030
3218
2729
3846
3712
4068
4597
2347
2738
3390
2931
1575
1283
3375
2386
2388
4999
4278
3783
4938
4069
2628
1497
4455
1195
2181
4368
4932
3492
3677
4847
3531
4268
3050
3287
4524
1836
4637
3597
2642
4283
3931
4455
4196
2513
2578
3021
3334
4763
2002
4338
4519
2411
4813
1330
4161
1260
4691
2581
2275
1820
4369
4839
4748
4352
3002
3164
3164
1815
3703
3723
3728
2228
2943
1808
4441
3797
2033
3128
2061
2069
4051
2045
3310
3932
3008
2785
4237
1189
2374
4101
2649
2439
2518
1721
2106
4231
1185
3205
2196
2882
2402
1710
4562
1367
3809
2410
3678
2114
3010
1796
1791
2804
3115
2509
2325
1522
1028
4018
2439
1248
3322
4844
4135
1677
2764
1468
4010
4664
1493
1644
4951
2208
4227
4278
1894
1011
3313
1326
2529
1003
1114
2755
1106
3016
3242
4965
3129
4188
3084
1337
4279
1257
4712
3502
4492
4628
4620
1315
3297
4368
1613
2064
3968
4439
4773
4337
2829
2850
1157
3703
3123
1117
1177
1946
1577
3612
2888
2471
4117
2808
3249
4763
4510
2053
3781
2260
2296
4779
4722
1827
4382
3352
3670
3861
4974
1651
2606
4649
1150
4817
2976
3771
2550
1699
3343
1683
4027
2098
2268
1142
1426
1647
1622
2428
4794
2188
2182
1460
2649
1491
4634
1855
1282
2573
1114
4003
4276
4845
1599
3008
4963
1897
4798
3574
4475
4118
1894
2887
3217
3206
4461
1962
1702
1106
2157
1556
4222
2842
3910
4555
2287
1993
3810
4337
3160
1176
3965
1247
2594
3021
3381
2158
3059
2486
3213
4465
4050
1264
3872
1248
4838
3068
2971
3129
1074
3277
1334
4029
2084
4879
3058
3481
3051
3505
1251
2665
2740
4858
4417
3658
3813
2376
2478
4154
4637
2553
1764
1942
3346
3735
2196
1704
4274
2676
1929
2765
3014
3083
4017
4646
3810
3836
4199
3249
4563
4483
1095
4943
1600
1895
4586
2875
1768
2469
1811
2987
1077
2214
1514
1242
2129
2452
2403
1049
2127
2139
4547
4617
3365
4924
1651
1641
2213
2749
3332
2043
2687
1147
1007
4123
4092
4565
3863
1481
2100
1528
3345
1450
4488
1953
4993
1547
4683
4251
3152
1916
1605
4514
1076
3925
4247
4203
1136
2510
4196
1881
4191
4097
1532
2306
4664
2089
1129
1899
1104
1463
1547
2111
3084
4083
3219
4090
4956
4257
4030
2261
2139
4490
3243
4234
2296
3844
1490
4795
4000
3902
3606
4695
2194
2539
2327
2509
3524
2819
4082
3071
4689
3133
1708
2420
2742
4888
4102
4710
1181
1794
2262
1480
1686
1802
4393
4072
3420
1849
4952
2367
2877
2781
3026
1130
3529
2520
3693
2477
1312
4855
2129
3769
2750
3630
3319
4202
1933
2887
3499
3847
3258
4456
3724
2308
2133
4733
3679
4236
4623
4642
3437
4419
4577
4975
4391
3840
2716
1748
2913
1131
2768
2369
2380
2056
1639
4978
4854
1455
2455
1742
3180
4135
3337
1456
2903
1951
3016
4009
1835
2803
4259
4959
1480
3556
4254
3919
2594
1927
2755
2504
3512
4999
1154
3237
2060
3810
3390
3839
4181
3873
1938
1874
2933
1150
4756
2201
1411
1081
4029
2542
4624
2801
1277
3154
3545
1779
4302
2431
4922
3933
3726
2548
1641
3129
1333
3447
4559
3481
4599
3886
2390
2584
3362
1713
4030
1549
3706
1082
4357
2641
4879
1528
3208
3578
3303
4457
2507
4036
4045
3725
2933
4350
2209
3568
1608
1221
1095
1300
3053
3949
3557
1037
4251
2284
4697
4883
3426
3488
4905
4002
1398
2823
4788
1921
2140
2913
4278
2360
1730
2048
2786
2751
1152
3168
4601
4645
3908
4867
1694
4083
3933
3956
2984
4661
4858
4242
1066
4602
2505
3234
4264
3540
3161
2435
4433
3818
2145
4608
3471
2008
2722
4214
3187
3211
2972
1403
2486
1668
4657
1249
1978
2316
2566
4509
3102
4012
3614
4799
4415
1804
3674
1214
1284
2257
4922
3811
4139
1897
3676
3530
1550
3821
3303
3184
1711
2582
4532
2186
1342
3127
1811
4410
2351
4049
1019
1678
2097
1365
3220
4022
3155
3476
3068
4783
2390
3975
3967
2521
1693
4267
2020
1985
2389
2198
2606
3139
3793
3258
3749
1668
3329
4821
3725
4472
4441
4131
1174
4428
3275
1591
4050
4240
4660
3800
2238
4743
1114
4463
1022
2926
3407
4710
1921
4687
4557
1365
2107
3192
1861
3218
3174
2741
1356
2086
4133
3680
1100
4496
3436
3994
4218
3154
4363
4331
4681
1957
4708
3692
4172
4993
3422
2321
3334
3576
4163
2373
4791
1064
1165
2234
2751
2859
2385
3615
3073
4051
3707
3448
4645
3998
2766
3881
4241
4130
3592
3593
3109
2839
3006
1467
2710
4502
1410
3369
4647
4236
2472
1104
2864
3426
2545
1602
3088
1680
2440
1048
4621
2908
4579
4065
2950
4461
4433
2256
2057
2677
1162
2896
4929
1462
2479
4133
3922
2988
1823
4093
1399
1793
3476
1654
1140
1160
4569
2709
2123
4995
3115
1601
3398
2413
1959
3216
1707
1252
3203
4082
2640
3358
4919
4287
3013
3524
1428
2006
1796
3408
4172
4007
4150
4764
4165
1847
4010
1790
1953
3054
3957
3754
4977
4430
4877
2132
1488
2487
3199
2086
1777
4957
4943
2665
1541
2617
4987
1823
3115
3010
1748
4718
1470
3150
4603
2187
1896
2313
4851
4364
3756
4800
2144
3830
4502
1259
2541
1558
2105
1574
2465
4583
4008
2268
4490
4294
3840
4666
2277
3856
2717
4110
4101
4376
1570
1954
1590
4341
1308
3872
3753
1494
1479
3454
3237
3270
2739
1146
4772
3684
4525
3131
3091
3348
2595
2182
4476
4688
4131
4762
2887
3006
1942
3794
4652
1133
2850
1965
3237
4634
3919
1612
2009
2402
3068
2516
4688
4775
4428
3170
4813
1136
2117
4527
3489
2763
1741
3675
1145
3002
4822
2762
4831
4055
4855
1525
1756
1156
3649
3949
4859
4870
1296
4656
3069
1674
1786
3360
2059
1955
1762
2189
3349
3595
2780
2237
1112
2197
2123
3277
1429
4625
4956
4301
1178
1661
1870
4589
4333
1528
3394
2975
4361
4204
2595
1184
2424
1240
2884
1700
1102
1153
3951
2579
3948
1561
1727
4746
3001
2591
4125
4507
1566
2139
2888
4908
4405
3698
4720
2769
1428
1355
2292
3880
2567
3468
2785
3050
2035
3835
1884
4124
4752
2955
2565
4659
3236
4522
2544
3323
2725
2243
2145
2332
2005
2195
1683
2462
1122
3157
1932
3427
3385
1690
2051
3271
1746
4856
4262
4451
4073
4093
1222
1404
2677
1092
2273
2858
3033
2156
4832
2474
2422
3340
1694
4923
2946
1332
1963
2522
1767
2081
2851
2635
1530
4293
3997
1024
1002
4400
1831
3799
3532
4099
2929
4144
4878
1128
1059
1979
4807
2252
1025
2214
3653
4228
3098
2927
4889
1041
1595
3691
4457
2884
2899
3484
4013
1438
4252
4187
1402
3833
4575
3364
1108
3613
1594
3093
1030
1884
3742
2422
2777
4779
2025
2495
2900
1543
2088
3469
2616
3626
2473
3068
1832
3935
4660
1132
4736
3801
1576
1289
4609
1332
3980
3327
4725
1630
1787
3760
3010
4657
3497
2160
2812
3260
4574
3655
2018
2991
2246
3410
3791
3319
2782
1099
1826
1960
3594
3209
3892
4016
4782
3059
4203
1577
1032
2315
2372
4390
1492
2000
4843
4836
4211
3892
1668
3529
4263
2330
3901
3637
2205
3588
4107
3940
4495
1387
3486
1432
3208
2189
4593
3820
2275
1218
2429
4443
1507
3707
4881
2465
2761
3332
1045
4136
2725
4260
2058
3889
1580
1552
4455
4708
3360
4130
3639
1880
4397
4341
1856
2952
3949
2942
4119
2430
4373
4354
3891
1632
3733
4299
4391
3344
4904
1979
2454
1495
4473
1930
2498
3750
3162
2556
3613
4801
4238
3101
3279
2044
4564
1631
4296
4759
1970
4277
2534
3393
4421
4725
4846
4229
1273
2948
1770
2917
4422
1932
4769
1176
3565
4382
1179
2296
1460
1730
2967
1899
2377
2912
4033
3746
3686
3337
4774
1356
3791
1572
1618
3465
3858
4668
2218
1008
4968
4650
2747
3652
2762
3015
1719
1182
2697
3452
2882
1471
1814
2045
2691
3049
4715
1184
2218
1139
2923
1144
3381
4289
3589
4719
1446
4573
2757
4474
3986
4838
1543
2534
1301
2562
1162
1452
3209
3713
3711
2089
1321
1096
4773
4850
1621
2229
4151
2590
4434
1091
4937
2442
1413
2580
1224
3494
1638
4024
1060
2244
2320
1134
2851
2627
2568
2256
4586
1820
1309
1391
4273
1647
2685
3352
3635
4803
4869
3123
2886
2977
3708
2378
2224
3128
4767
3594
4793
4753
3735
3179
1123
4591
4155
1697
2648
2475
1077
1205
4311
3891
4373
1562
2985
1481
2396
2641
4459
2726
2086
2147
4149
4123
2220
1912
3042
2404
4537
4352
3703
4528
3722
3179
4946
1084
3856
2776
1312
1286
4357
3559
1574
4077
4501
3523
4573
4814
1388
3810
2032
4365
4229
4843
1722
4768
2877
4849
3149
4143
2591
4868
4585
1381
4883
1581
3455
4713
2111
2909
2256
3299
4467
4761
4823
4163
3205
3343
2941
1412
2830
3988
1545
4770
4035
3983
2832
2152
4640
3435
3318
4719
1567
1114
1364
2312
4135
4626
2292
1080
4467
1816
3556
3084
3918
3786
3566
4066
1930
4150
2731
4476
4139
4757
2985
2756
1681
3586
1055
3025
4469
3902
2011
4183
4605
3365
1203
2664
4935
4212
1771
1619
2702
3814
1028
4247
2200
3565
2948
2106
3983
2475
3775
2573
1610
1429
3941
2961
4227
2452
4437
2748
1846
2048
2369
1273
4325
2348
2537
4070
3977
4153
2531
1429
4703
4180
3726
1477
1599
1447
4230
2277
2158
1814
4478
2454
4608
4825
4887
2618
3978
4285
3725
4385
3611
1322
1681
1376
2285
3809
1267
2743
4292
4655
2883
3416
4307
2176
2729
1078
4613
4002
3712
2220
3675
2566
1097
1652
4200
2199
2483
3231
4210
1715
1393
2230
3249
1801
2347
2505
1129
4591
3300
2175
4123
1028
4273
1233
4522
4363
1639
4123
1196
2701
4953
3316
4611
3432
4879
2407
2585
4676
2556
1335
1762
3608
2375
1524
2993
4134
4694
4007
2702
3891
2624
3271
2458
1710
4642
4093
1527
3250
1293
1318
4907
2680
3729
3121
3950
3561
2238
1482
1991
2868
4919
2556
1847
3153
1629
3831
4361
4795
4710
2495
2329
2123
4115
2729
3235
1355
2710
3444
2506
1124
3048
4549
1582
4669
2924
3450
4533
2522
1260
3374
1107
2944
4731
2073
4918
1142
4668
3202
2269
4828
3387
4911
3704
4466
4230
1740
3331
3477
4926
4617
3357
1048
3428
3109
4332
1740
4941
1792
1569
4211
3718
1098
3386
3343
3302
2085
1009
4081
2858
1299
3319
1326
2221
4365
3411
2533
3322
3978
2589
2614
2661
1701
1227
2960
4321
4736
2987
2614
1663
2462
4443
1637
4738
2464
3205
3146
3079
3961
3496
2529
1069
1249
2922
3967
3741
2002
3074
4161
2718
2295
3310
1336
3234
1846
3439
1462
3106
4703
2516
2888
1779
2182
3695
4656
2041
2713
1708
1536
1251
3946
2788
3499
2530
2344
1320
4323
2909
3025
2382
2056
2087
1715
3927
1800
1117
3432
4085
3789
3207
1712
2441
4158
2127
1376
1556
2323
4751
2950
3446
4109
2132
1047
4652
4511
2503
1562
2666
3421
2365
1116
3474
4769
4405
3711
4998
1715
4511
1891
4002
3890
4914
3611
3741
1267
2335
1946
2907
2429
3524
4603
2613
3589
1427
4624
1571
2332
3398
4312
1789
1502
3238
3829
4761
3001
2426
1371
1187
2449
1342
1372
4411
1560
4996
1507
4119
1807
4990
4548
1843
3034
3426
3298
3339
4857
1736
2532
2442
1878
1814
4871
2759
4166
2133
3865
4900
2347
4081
2980
3426
3802
1929
2193
4080
4184
2862
4998
1493
4015
4629
3794
3811
2932
4998
1226
3341
4565
1847
4186
4411
4216
2923
4043
3237
1006
3134
4275
4459
4920
4521
3243
2330
2245
1178
2961
2754
4002
3772
3101
3734
4472
2153
1519
2272
4051
2386
3848
2169
1490
1621
4536
2301
4324
3342
1142
1023
3458
2814
4501
4228
4835
1165
4379
2597
1699
3648
4562
3438
1432
1490
3870
3500
1270
4455
2169
1210
2157
3687
1468
1609
1109
1758
1401
4512
4577
2105
3342
1855
2303
4433
2617
4177
4846
3393
4570
2279
3259
3474
2956
3856
3061
1968
4293
1208
2371
1181
1120
2416
3313
2161
3948
4106
3485
1791
2883
3608
4063
4921
1936
1375
3706
2070
1633
2705
1714
2408
3672
4096
4634
1868
4555
3507
3434
1468
3985
2134
2007
1462
2255
3637
2407
3236
3296
3236
3065
4269
2358
3104
3085
2648
2614
3351
3839
3304
2089
3276
1017
2090
2009
3818
1440
2681
4111
3177
3884
1690
4112
1267
1157
1549
1470
2546
2362
4225
2070
4803
3318
2378
1593
1783
2227
2868
3599
3590
3718
4879
2539
2267
3005
2639
1644
2215
3463
1915
3075
2623
1250
3273
4823
1875
4992
3237
2272
2036
1136
4442
2530
4379
2243
3552
3249
1023
1133
2173
2087
3588
2656
3594
3225
3223
4217
3893
1298
2090
2156
1855
4665
3883
1114
2385
2271
1910
3147
3956
2575
1272
3801
3511
4335
3846
1574
1192
1045
3991
3162
2420
1924
3885
4234
2558
1300
2028
2132
1125
3255
4614
4482
4697
4583
1321
4275
3740
3490
4334
1599
1717
3009
4714
3643
3767
2902
4437
4460
4711
1971
2523
4717
3068
4134
4519
1917
4860
2887
2782
3636
1538
4938
2323
3918
2735
3758
1652
4232
2180
3262
3231
3440
3368
1152
2850
1644
4550
1544
4820
2659
2436
3964
2223
2455
3026
1992
2148
4663
4368
2459
2098
3533
3483
4821
1066
3901
1040
2186
2821
2826
4771
1296
2712
4016
3093
3387
2482
3758
4754
3326
3451
4181
2369
1745
2938
4206
4029
2682
1704
3618
2990
2875
1151
1335
4687
1724
3303
3635
3816
1387
1326
2187
2290
3842
2461
4602
4219
1662
2629
1682
1111
4283
2107
1447
1184
3767
1594
3574
3118
3155
2907
1040
1815
1238
2820
1972
2582
2296
3042
3419
2142
3072
4129
2818
2081
2892
4877
4442
2712
3306
4983
3856
2612
1110
4654
3582
4724
3147
3030
4444
3713
2208
3108
3366
4547
1795
4525
2510
2156
3394
3747
4060
1815
3323
2638
3617
4332
3990
4417
4256
1753
1120
2009
1815
3631
1239
2798
2808
4673
2088
4796
4116
1624
3933
4571
4460
4065
4640
2175
1077
3527
4373
1296
4180
2865
1228
4152
3417
2142
4547
3265
3445
3415
4284
2608
4970
2461
4945
2387
2415
1934
4946
4696
1742
2064
2595
4860
4954
3051
1736
4510
2612
4495
1114
3691
2890
2242
3308
3118
1056
4889
1674
2912
2066
2299
4102
3124
1077
3994
4161
3371
1254
1379
1027
3761
2554
1188
3829
4714
1678
3255
1947
2161
3108
1455
3042
3242
3027
1891
1712
4590
2869
3495
3995
2279
3127
2617
2906
2227
4576
1454
2748
4398
