1004
1013
1016
1022
1023
1024
1025
1026
1037
1047
1049
1049
1054
1055
1055
1056
1057
1061
1066
1067
1083
1092
1104
1108
1111
1113
1113
1116
1120
1121
1127
1127
1132
1135
1137
1139
1144
1145
1146
1148
1153
1163
1164
1169
1170
1176
1180
1191
1197
1197
1199
1201
1207
1211
1211
1212
1212
1213
1222
1223
1225
1228
1228
1228
1231
1235
1236
1242
1245
1245
1251
1259
1266
1278
1285
1285
1295
1296
1299
1301
1301
1306
1316
1319
1322
1324
1330
1332
1332
1333
1333
1335
1346
1347
1349
1350
1350
1352
1364
1365
1004
1013
1016
1022
1023
1024
1025
1026
1037
1047
1049
1049
1054
1055
1055
1056
1057
1061
1066
1067
1083
1092
1104
1108
1111
1113
1113
1116
1120
1121
1127
1127
1132
1135
1137
1139
1144
1145
1146
1148
1153
1163
1164
1169
1170
1176
1180
1191
1197
1197
1199
1201
1207
1211
1211
1212
1212
1213
1222
1223
1225
1228
1228
1228
1231
1235
1236
1242
1245
1245
1251
1259
1266
1278
1285
1285
1295
1296
1299
1301
1301
1306
1316
1319
1322
1324
1330
1332
1332
1333
1333
1335
1346
1347
1349
1350
1350
1352
1364
1365
1004
1013
1016
1022
1023
1024
1025
1026
1037
1047
1049
1049
1054
1055
1055
1056
1057
1061
1066
1067
1083
1092
1104
1108
1111
1113
1113
1116
1120
1121
1127
1127
1132
1135
1137
1139
1144
1145
1146
1148
1153
1163
1164
1169
1170
1176
1180
1191
1197
1197
1199
1201
1207
1211
1211
1212
1212
1213
1222
1223
1225
1228
1228
1228
1231
1235
1236
1242
1245
1245
1251
1259
1266
1278
1285
1285
1295
1296
1299
1301
1301
1306
1316
1319
1322
1324
1330
1332
1332
1333
1333
1335
1346
1347
1349
1350
1350
1352
1364
1365
1004
1013
1016
1022
1023
1024
1025
1026
1037
1047
1049
1049
1054
1055
1055
1056
1057
1061
1066
1067
1083
1092
1104
1108
1111
1113
1113
1116
1120
1121
1127
1127
1132
1135
1137
1139
1144
1145
1146
1148
1153
1163
1164
1169
1170
1176
1180
1191
1197
1197
1199
1201
1207
1211
1211
1212
1212
1213
1222
1223
1225
1228
1228
1228
1231
1235
1236
1242
1245
1245
1251
1259
1266
1278
1285
1285
1295
1296
1299
1301
1301
1306
1316
1319
1322
1324
1330
1332
1332
1333
1333
1335
1346
1347
1349
1350
1350
1352
1364
1365
1004
1013
1016
1022
1023
1024
1025
1026
1037
1047
1049
1049
1054
1055
1055
1056
1057
1061
1066
1067
1083
1092
1104
1108
1111
1113
1113
1116
1120
1121
1127
1127
1132
1135
1137
1139
1144
1145
1146
1148
1153
1163
1164
1169
1170
1176
1180
1191
1197
1197
1199
1201
1207
1211
1211
1212
1212
1213
1222
1223
1225
1228
1228
1228
1231
1235
1236
1242
1245
1245
1251
1259
1266
1278
1285
1285
1295
1296
1299
1301
1301
1306
1316
1319
1322
1324
1330
1332
1332
1333
1333
1335
1346
1347
1349
1350
1350
1352
1364
1365
1004
1013
1016
1022
1023
1024
1025
1026
1037
1047
1049
1049
1054
1055
1055
1056
1057
1061
1066
1067
1083
1092
1104
1108
1111
1113
1113
1116
1120
1121
1127
1127
1132
1135
1137
1139
1144
1145
1146
1148
1153
1163
1164
1169
1170
1176
1180
1191
1197
1197
1199
1201
1207
1211
1211
1212
1212
1213
1222
1223
1225
1228
1228
1228
1231
1235
1236
1242
1245
1245
1251
1259
1266
1278
1285
1285
1295
1296
1299
1301
1301
1306
1316
1319
1322
1324
1330
1332
1332
1333
1333
1335
1346
1347
1349
1350
1350
1352
1364
1365
1004
1013
1016
1022
1023
1024
1025
1026
1037
1047
1049
1049
1054
1055
1055
1056
1057
1061
1066
1067
1083
1092
1104
1108
1111
1113
1113
1116
1120
1121
1127
1127
1132
1135
1137
1139
1144
1145
1146
1148
1153
1163
1164
1169
1170
1176
1180
1191
1197
1197
1199
1201
1207
1211
1211
1212
1212
1213
1222
1223
1225
1228
1228
1228
1231
1235
1236
1242
1245
1245
1251
1259
1266
1278
1285
1285
1295
1296
1299
1301
1301
1306
1316
1319
1322
1324
1330
1332
1332
1333
1333
1335
1346
1347
1349
1350
1350
1352
1364
1365
1004
1013
1016
1022
1023
1024
1025
1026
1037
1047
1049
1049
1054
1055
1055
1056
1057
1061
1066
1067
1083
1092
1104
1108
1111
1113
1113
1116
1120
1121
1127
1127
1132
1135
1137
1139
1144
1145
1146
1148
1153
1163
1164
1169
1170
1176
1180
1191
1197
1197
1199
1201
1207
1211
1211
1212
1212
1213
1222
1223
1225
1228
1228
1228
1231
1235
1236
1242
1245
1245
1251
1259
1266
1278
1285
1285
1295
1296
1299
1301
1301
1306
1316
1319
1322
1324
1330
1332
1332
1333
1333
1335
1346
1347
1349
1350
1350
1352
1364
1365
1004
1013
1016
1022
1023
1024
1025
1026
1037
1047
1049
1049
1054
1055
1055
1056
1057
1061
1066
1067
1083
1092
1104
1108
1111
1113
1113
1116
1120
1121
1127
1127
1132
1135
1137
1139
1144
1145
1146
1148
1153
1163
1164
1169
1170
1176
1180
1191
1197
1197
1199
1201
1207
1211
1211
1212
1212
1213
1222
1223
1225
1228
1228
1228
1231
1235
1236
1242
1245
1245
1251
1259
1266
1278
1285
1285
1295
1296
1299
1301
1301
1306
1316
1319
1322
1324
1330
1332
1332
1333
1333
1335
1346
1347
1349
1350
1350
1352
1364
1365
1004
1013
1016
1022
1023
1024
1025
1026
1037
1047
1049
1049
1054
1055
1055
1056
1057
1061
1066
1067
1083
1092
1104
1108
1111
1113
1113
1116
1120
1121
1127
1127
1132
1135
1137
1139
1144
1145
1146
1148
1153
1163
1164
1169
1170
1176
1180
1191
1197
1197
1199
1201
1207
1211
1211
1212
1212
1213
1222
1223
1225
1228
1228
1228
1231
1235
1236
1242
1245
1245
1251
1259
1266
1278
1285
1285
1295
1296
1299
1301
1301
1306
1316
1319
1322
1324
1330
1332
1332
1333
1333
1335
1346
1347
1349
1350
1350
1352
1364
1365
