1004
1013
1016
1022
1023
1024
1025
1026
1037
1047
1049
1049
1054
1055
1055
1056
1057
1061
1066
1067
1083
1092
1104
1108
1111
1113
1113
1116
1120
1121
1127
1127
1132
1135
1137
1139
1144
1145
1146
1148
1153
1163
1164
1169
1170
1176
1180
1191
1197
1197
1199
1201
1207
1211
1211
1212
1212
1213
1222
1223
1225
1228
1228
1228
1231
1235
1236
1242
1245
1245
1251
1259
1266
1278
1285
1285
1295
1296
1299
1301
1301
1306
1316
1319
1322
1324
1330
1332
1332
1333
1333
1335
1346
1347
1349
1350
1350
1352
1364
1365
1378
1381
1382
1387
1389
1390
1396
1401
1404
1406
1410
1419
1419
1425
1428
1438
1441
1448
1451
1459
1460
1463
1467
1474
1475
1487
1492
1500
1505
1508
1511
1518
1518
1523
1527
1529
1531
1532
1538
1542
1548
1549
1551
1558
1560
1560
1562
1563
1563
1565
1568
1569
1572
1576
1583
1584
1592
1594
1599
1601
1601
1605
1611
1614
1620
1624
1624
1627
1631
1632
1638
1642
1646
1654
1659
1666
1671
1673
1674
1674
1684
1690
1702
1703
1707
1708
1712
1716
1718
1720
1723
1733
1735
1738
1741
1742
1761
1774
1781
1782
2836
2696
3557
2380
1211
3777
2183
4442
1908
1735
1718
4170
3865
4911
2647
2364
4307
2190
2210
4823
3448
4556
3988
2332
1565
2132
3527
1245
1716
2593
3058
1024
1475
2533
1834
4376
4521
2218
4422
2925
1856
1784
4416
4796
4048
1976
3557
1812
3374
2219
4224
2644
4278
3607
2951
1438
1211
1223
1153
4534
1572
1322
3179
3990
3986
1932
1025
3360
1428
2198
3310
3169
2631
1829
2743
3144
2988
3749
4459
1474
4804
3019
2177
1531
3540
4212
3830
4668
4124
1584
3007
2349
3477
2192
1646
2867
3582
4063
2133
4772
4585
2183
4965
2260
1638
3666
2026
4127
4011
4329
3186
2576
1425
3889
4576
2331
2690
1856
3437
2697
2901
2496
2400
2912
2509
1316
1352
2602
3024
3206
2678
3686
1569
2389
2776
1935
3759
4089
3427
3827
4237
2273
1164
3177
3827
2825
2049
1213
1049
1548
2484
3950
3784
2870
1332
4210
1022
2693
1774
1611
1127
2181
3660
4333
3275
1568
4310
3506
3931
3216
4832
4237
2124
1016
1180
4259
4094
3225
4698
3332
4590
3100
2271
2549
1741
2092
3678
2187
3147
1674
3311
4562
4330
4253
4085
2710
3986
2193
1560
4290
1508
1285
3956
2983
1235
2271
4227
4554
3336
1333
2674
4552
2257
2827
1169
1632
1116
4486
3926
4852
4240
3674
3165
4225
2047
4031
4808
3685
3337
3151
1108
2895
4951
1055
1673
1703
4533
1538
1684
3437
1782
3858
1487
2673
2530
4528
3296
1061
4847
2603
2079
4905
1301
4353
4237
2374
1176
4384
2036
2029
2591
3029
4014
2061
4710
1191
3990
1920
1943
2330
3873
3756
1761
1236
2865
2241
2320
4415
2425
4551
4105
1350
3751
4563
4089
2488
3484
1381
2531
1594
2953
3636
3573
1463
2179
3624
4356
4417
1885
4915
1278
4762
2951
3773
3362
4237
1620
1937
4251
1592
3299
3331
3812
4651
3676
1419
3762
4757
2872
2499
3955
4778
1702
2040
2625
4839
3731
2456
2332
1599
2231
4477
4321
4576
4479
3785
1690
2245
1720
3514
2532
2221
2122
3699
4573
4689
1389
3768
4534
1390
2773
1815
3421
2764
4409
2154
4783
3689
4844
3113
2207
1890
1266
1563
4295
1135
1910
1562
3235
2776
4419
3391
2966
1047
4256
4856
1410
2396
1518
3729
4560
3720
4750
2825
4371
1910
2149
2924
2176
3947
1057
2176
4246
1212
4782
4909
2860
1056
3188
1259
2361
2323
1406
1876
4102
3783
3227
3537
3692
3495
2529
4920
2207
1013
1659
1120
3792
3416
2088
2688
1500
4592
4129
2723
1671
3888
4756
2695
3883
1994
4174
1733
2895
3423
4079
2881
1067
3818
2537
2587
3697
2529
3241
1895
4113
4706
3048
4498
1624
1201
2266
1049
1023
3871
1245
2941
3683
3139
3277
1708
4452
1054
2200
4685
2057
4681
4403
4820
2004
4522
4682
4411
4295
2490
3523
1551
2819
1614
3938
1083
4873
1222
4585
3187
4271
1666
3357
4926
4395
3150
1004
4007
2264
4623
1674
2109
1251
2404
1707
1419
4112
2245
4457
3972
1324
4456
3773
1467
1803
2409
1605
1723
4676
4990
3974
1931
1111
1306
4032
1441
3332
3999
1923
4822
2778
4170
2561
3304
4607
1781
1199
3017
2930
1523
4129
1066
2312
2750
1529
1583
1228
3377
1527
4977
4912
4706
4196
2456
2172
1910
3001
4256
2386
3284
3960
3741
4589
2255
1225
4343
2682
4040
2057
4309
2574
3123
2785
3375
4647
1382
3640
2647
3843
2464
2795
4663
2702
4580
2931
4593
2967
3129
4273
4880
3581
2687
1144
1903
3420
3765
2739
4719
3348
2533
1365
3261
2074
2460
3962
2688
3734
2024
4753
4244
4462
1654
4261
1228
3923
2812
4513
2350
1197
4954
4304
3426
2832
4823
2127
1055
4091
4179
1460
1712
2678
4130
3795
2804
2594
2687
2305
4365
3237
4806
2652
4677
4124
3703
3291
1332
4712
1642
3501
1549
3009
3387
1092
4546
2181
1560
1809
3872
2297
3149
3339
4372
2955
4702
1319
4644
4388
4314
4971
4643
2251
1563
4425
4931
2063
1601
4242
3761
2355
4926
1834
1742
2844
1139
4681
4666
3492
1301
4532
2824
3089
2999
1350
3353
3403
3109
3692
3435
4643
1296
3087
4090
3647
1299
2207
1793
2860
2831
1627
4180
1909
4728
1137
1601
1860
3349
4989
2980
1954
4002
3459
1858
2048
4071
4113
1170
4009
2063
1631
4969
2693
2022
1997
3835
4493
4388
2725
1624
4874
3212
2633
3803
4815
3597
2543
1448
1378
4534
3609
2488
1492
3670
1881
4518
3898
3163
2023
2186
4482
4926
1285
2584
4381
4488
2408
3524
3847
1295
4356
2005
3612
3237
3976
4045
4802
1896
4783
2717
2739
3128
2368
1954
2879
2946
1212
3486
3753
3018
1242
2599
4814
3025
2115
2871
2760
2540
2513
4391
2293
3937
3396
1349
4543
1404
2977
2798
