1057
1077
1150
1270
1271
1288
1329
1383
1395
1397
1439
1594
1661
1663
1745
1748
1759
1780
1852
1853
1877
1935
2048
2096
2200
2240
2250
2272
2314
2337
2464
2581
2634
2634
2703
2709
2764
2768
2785
2817
2850
2873
3011
3020
3081
3093
3142
3156
3219
3223
3320
3326
3372
3376
3423
3466
3502
3548
3601
3627
3645
3671
3692
3712
3805
3865
3867
3959
4018
4038
4059
4072
4120
4147
4169
4216
4271
4287
4313
4446
4448
4460
4478
4478
4494
4532
4563
4584
4594
4643
4647
4651
4676
4698
4723
4896
4896
4936
4947
4994
