4532
3627
4947
2272
2240
2200
2581
4594
3142
4018
4478
4647
2048
3219
4169
3712
1853
3376
1439
1077
2709
1288
4059
1759
2250
3223
3671
4936
4494
3081
3011
2785
4147
4584
3601
1057
1329
4072
3867
4698
3865
4460
3466
2337
4271
1397
4676
2703
4478
2314
3372
3156
3093
3959
4038
3326
2817
3502
2464
4216
4120
4651
4448
1270
1661
1383
4313
4446
4896
3692
4723
4563
4896
1594
2096
4643
1663
2768
3423
1780
2764
1877
1852
1271
3548
3645
1150
3805
2634
1748
2873
2850
1395
1745
3020
2634
4287
1935
3320
4994
