4994
4947
4936
4896
4896
4723
4698
4676
4651
4647
4643
4594
4584
4563
4532
4494
4478
4478
4460
4448
4446
4313
4287
4271
4216
4169
4147
4120
4072
4059
4038
4018
3959
3867
3865
3805
3712
3692
3671
3645
3627
3601
3548
3502
3466
3423
3376
3372
3326
3320
3223
3219
3156
3142
3093
3081
3020
3011
2873
2850
2817
2785
2768
2764
2709
2703
2634
2634
2581
2464
2337
2314
2272
2250
2240
2200
2096
2048
1935
1877
1853
1852
1780
1759
1748
1745
1663
1661
1594
1439
1397
1395
1383
1329
1288
1271
1270
1150
1077
1057
