1057
1077
1150
1270
1271
1288
1329
1383
1395
1397
1057
1077
1150
1270
1271
1288
1329
1383
1395
1397
1057
1077
1150
1270
1271
1288
1329
1383
1395
1397
1057
1077
1150
1270
1271
1288
1329
1383
1395
1397
1057
1077
1150
1270
1271
1288
1329
1383
1395
1397
1057
1077
1150
1270
1271
1288
1329
1383
1395
1397
1057
1077
1150
1270
1271
1288
1329
1383
1395
1397
1057
1077
1150
1270
1271
1288
1329
1383
1395
1397
1057
1077
1150
1270
1271
1288
1329
1383
1395
1397
1057
1077
1150
1270
1271
1288
1329
1383
1395
1397
