4993
4993
4991
4991
4988
4988
4987
4987
4986
4983
4983
4979
4978
4978
4978
4977
4976
4974
4972
4970
4968
4965
4960
4959
4958
4957
4956
4955
4951
4949
4949
4944
4944
4943
4940
4940
4936
4932
4931
4930
4929
4928
4928
4927
4927
4921
4920
4920
4917
4910
4904
4904
4900
4900
4896
4894
4893
4892
4891
4891
4887
4887
4885
4882
4879
4879
4878
4878
4877
4868
4868
4868
4866
4865
4865
4865
4863
4862
4862
4859
4854
4851
4850
4850
4847
4845
4841
4835
4835
4834
4827
4826
4818
4817
4812
4810
4809
4807
4805
4805
4805
4802
4802
4800
4798
4798
4795
4792
4791
4785
4779
4779
4775
4774
4770
4764
4762
4760
4759
4759
4756
4755
4752
4750
4749
4746
4744
4743
4743
4739
4738
4736
4733
4727
4726
4719
4712
4711
4708
4706
4701
4697
4696
4695
4690
4690
4685
4685
4684
4679
4671
4669
4669
4667
4666
4665
4663
4662
4661
4657
4656
4656
4654
4653
4651
4647
4646
4644
4641
4641
4640
4640
4632
4632
4632
4629
4624
4622
4619
4617
4617
4617
4614
4613
4610
4605
4600
4597
4593
4590
4586
4585
4585
4584
4581
4581
4581
4578
4574
4572
4572
4569
4568
4564
4562
4558
4557
4556
4552
4551
4546
4546
4545
4544
4543
4541
4540
4540
4539
4538
4537
4534
4533
4530
4530
4529
4524
4523
4520
4520
4520
4520
4520
4519
4519
4517
4513
4513
4512
4508
4508
4507
4505
4494
4494
4493
4492
4487
4487
4478
4477
4475
4473
4469
4469
4469
4467
4466
4462
4460
4456
4455
4452
4451
4445
4444
4442
4441
4440
4439
4438
4438
4436
4436
4431
4431
4431
4428
4427
4426
4421
4415
4414
4414
4412
4409
4408
4404
4401
4401
4400
4397
4397
4396
4396
4396
4395
4393
4388
4385
4383
4379
4376
4376
4370
4364
4363
4362
4361
4360
4360
4354
4351
4349
4346
4344
4343
4343
4343
4338
4337
4331
4331
4326
4319
4319
4315
4315
4314
4311
4311
4309
4305
4303
4302
4299
4299
4297
4296
4294
4289
4286
4285
4284
4284
4282
4282
4280
4279
4277
4274
4267
4267
4267
4267
4266
4263
4261
4256
4255
4253
4252
4251
4248
4246
4246
4245
4244
4242
4240
4239
4239
4237
4229
4226
4222
4221
4215
4211
4209
4209
4206
4206
4204
4203
4202
4195
4192
4187
4182
4182
4182
4180
4173
4172
4172
4171
4165
4165
4164
4161
4160
4159
4159
4157
4154
4154
4153
4144
4141
4133
4133
4127
4124
4124
4122
4121
4121
4120
4119
4118
4118
4115
4113
4112
4111
4111
4107
4107
4106
4103
4101
4099
4098
4095
4095
4094
4090
4088
4085
4084
4083
4082
4082
4081
4081
4078
4077
4077
4075
4075
4074
4073
4070
4065
4065
4065
4063
4063
4062
4060
4057
4056
4054
4052
4049
4048
4047
4045
4043
4041
4040
4040
4037
4032
4027
4025
4025
4021
4018
4016
4015
4015
4015
4012
4010
4010
4007
4007
4006
3994
3991
3991
3986
3985
3984
3984
3978
3975
3975
3973
3963
3956
3952
3949
3949
3948
3947
3947
3946
3942
3941
3941
3938
3937
3931
3930
3929
3928
3926
3926
3921
3917
3912
3911
3910
3909
3908
3907
3906
3905
3904
3902
3901
3900
3899
3896
3896
3894
3893
3889
3889
3887
3886
3885
3883
3876
3876
3875
3870
3869
3865
3862
3861
3859
3857
3855
3855
3855
3853
3853
3852
3851
3850
3850
3849
3844
3841
3841
3837
3836
3834
3825
3824
3821
3816
3815
3814
3812
3809
3805
3805
3802
3802
3800
3792
3791
3789
3787
3783
3779
3778
3778
3775
3773
3772
3770
3770
3768
3767
3766
3765
3764
3763
3762
3759
3755
3751
3750
3750
3748
3748
3747
3745
3745
3745
3742
3741
3740
3739
3739
3738
3737
3737
3734
3734
3725
3723
3722
3721
3720
3719
3718
3718
3713
3711
3707
3707
3703
3702
3700
3696
3693
3689
3687
3685
3683
3676
3671
3670
3669
3668
3665
3665
3662
3661
3660
3660
3659
3658
3656
3654
3653
3650
3649
3646
3645
3645
3642
3641
3641
3640
3639
3635
3633
3631
3628
3627
3626
3622
3621
3617
3616
3616
3615
3614
3611
3609
3606
3603
3602
3601
3599
3597
3596
3591
3586
3584
3584
3581
3580
3580
3580
3577
3577
3575
3570
3566
3566
3565
3564
3564
3562
3558
3558
3555
3553
3553
3553
3552
3550
3548
3548
3545
3544
3542
3536
3534
3532
3529
3528
3527
3527
3526
3525
3524
3524
3519
3519
3517
3515
3514
3512
3508
3502
3500
3500
3490
3487
3487
3487
3483
3482
3481
3480
3480
3479
3478
3469
3467
3461
3458
3457
3456
3453
3452
3451
3448
3445
3445
3443
3443
3440
3437
3437
3435
3432
3432
3430
3429
3426
3425
3422
3419
3417
3415
3413
3413
3412
3411
3405
3404
3403
3401
3399
3399
3396
3394
3393
3393
3391
3388
3382
3381
3379
3377
3377
3374
3370
3370
3369
3366
3365
3364
3362
3358
3357
3355
3355
3354
3351
3349
3348
3347
3347
3346
3342
3339
3339
3339
3337
3333
3332
3332
3331
3330
3328
3326
3324
3323
3322
3320
3319
3314
3306
3300
3300
3298
3295
3292
3292
3291
3288
3285
3283
3280
3279
3279
3279
3274
3271
3270
3268
3264
3263
3261
3254
3253
3253
3252
3252
3250
3248
3247
3247
3245
3245
3244
3243
3241
3239
3239
3238
3236
3235
3230
3226
3225
3224
3220
3217
3216
3215
3215
3210
3210
3206
3206
3205
3201
3200
3199
3197
3195
3193
3193
3192
3189
3182
3181
3180
3180
3178
3177
3175
3174
3174
3173
3168
3166
3165
3165
3163
3160
3159
3159
3159
3157
3156
3147
3147
3145
3145
3140
3139
3137
3137
3135
3134
3132
3127
3124
3123
3121
3119
3118
3117
3117
3117
3114
3113
3110
3107
3106
3105
3102
3098
3096
3090
3089
3089
3088
3086
3084
3082
3075
3073
3071
3070
3066
3065
3064
3062
3060
3053
3043
3042
3042
3041
3038
3036
3035
3035
3034
3032
3031
3030
3024
3023
3021
3021
3021
3020
3020
3017
3013
3012
3012
3010
3002
3001
3001
2993
2993
2991
2988
2987
2983
2983
2981
2977
2976
2973
2971
2970
2969
2969
2969
2967
2966
2966
2959
2959
2956
2956
2951
2950
2949
2949
2949
2948
2947
2945
2940
2938
2938
2938
2937
2936
2934
2933
2933
2933
2932
2930
2929
2923
2920
2920
2919
2919
2919
2917
2916
2913
2912
2909
2905
2904
2900
2897
2895
2891
2888
2888
2887
2887
2883
2875
2873
2872
2870
2866
2866
2865
2864
2859
2858
2851
2849
2846
2845
2836
2834
2834
2832
2830
2826
2825
2824
2823
2820
2820
2818
2815
2811
2811
2808
2807
2806
2805
2804
2798
2797
2793
2790
2788
2781
2780
2778
2773
2772
2771
2769
2768
2767
2765
2764
2761
2761
2761
2760
2759
2756
2755
2752
2744
2744
2734
2734
2730
2728
2727
2727
2722
2722
2721
2721
2720
2714
2714
2713
2712
2712
2709
2708
2707
2706
2701
2698
2698
2697
2696
2695
2694
2694
2693
2693
2691
2686
2685
2684
2680
2680
2674
2673
2671
2670
2668
2668
2668
2667
2666
2665
2662
2659
2655
2649
2647
2646
2645
2645
2644
2640
2639
2639
2638
2633
2632
2624
2622
2620
2619
2617
2615
2614
2612
2612
2611
2610
2609
2601
2598
2595
2595
2591
2590
2586
2586
2585
2584
2584
2583
2582
2581
2581
2580
2577
2573
2566
2562
2560
2550
2548
2547
2539
2538
2537
2537
2536
2534
2526
2524
2520
2513
2512
2509
2506
2503
2503
2500
2498
2496
2492
2490
2490
2485
2485
2484
2484
2482
2481
2479
2476
2471
2467
2465
2464
2459
2457
2455
2455
2455
2453
2447
2447
2445
2442
2440
2440
2438
2437
2436
2433
2429
2426
2425
2422
2420
2416
2415
2412
2412
2409
2406
2406
2404
2403
2403
2402
2402
2400
2399
2396
2391
2388
2384
2382
2382
2379
2375
2374
2373
2372
2364
2364
2362
2361
2358
2357
2357
2353
2353
2352
2352
2352
2350
2350
2349
2347
2343
2343
2342
2341
2336
2331
2330
2328
2328
2327
2314
2314
2313
2311
2309
2304
2304
2300
2299
2297
2296
2294
2292
2280
2277
2274
2274
2270
2270
2269
2268
2267
2266
2262
2258
2258
2254
2243
2243
2241
2235
2234
2233
2231
2228
2227
2225
2221
2216
2216
2213
2209
2208
2203
2201
2197
2195
2194
2194
2189
2187
2187
2186
2186
2185
2185
2182
2181
2178
2174
2174
2173
2172
2171
2160
2158
2158
2155
2154
2149
2147
2145
2141
2139
2138
2134
2132
2128
2127
2124
2124
2120
2120
2118
2116
2113
2113
2110
2109
2105
2104
2104
2104
2100
2100
2098
2097
2097
2097
2097
2096
2096
2094
2094
2093
2091
2089
2088
2086
2083
2082
2077
2077
2077
2070
2070
2070
2070
2067
2066
2065
2064
2062
2061
2059
2059
2059
2059
2058
2057
2053
2052
2051
2050
2049
2047
2044
2043
2042
2033
2033
2029
2024
2021
2020
2016
2015
2012
2008
2007
2004
2004
2000
1998
1997
1996
1995
1992
1991
1990
1989
1987
1985
1984
1983
1982
1979
1978
1977
1970
1969
1969
1968
1968
1967
1959
1959
1958
1955
1954
1953
1952
1951
1950
1945
1943
1940
1936
1932
1931
1929
1928
1927
1922
1918
1915
1915
1914
1913
1913
1913
1912
1911
1911
1908
1908
1907
1905
1904
1903
1902
1899
1896
1895
1894
1892
1891
1889
1887
1885
1883
1879
1876
1876
1874
1872
1870
1868
1867
1861
1857
1854
1853
1852
1849
1846
1843
1840
1837
1836
1835
1834
1820
1819
1818
1818
1817
1815
1809
1808
1805
1799
1799
1797
1793
1792
1790
1788
1788
1788
1787
1782
1780
1779
1772
1771
1769
1764
1764
1760
1758
1755
1751
1751
1749
1747
1746
1741
1740
1738
1737
1733
1730
1729
1725
1723
1721
1718
1715
1712
1710
1709
1709
1707
1707
1706
1705
1701
1700
1698
1697
1694
1690
1688
1687
1687
1686
1685
1685
1683
1682
1682
1681
1679
1677
1673
1672
1671
1670
1666
1666
1662
1658
1658
1658
1654
1653
1650
1647
1646
1646
1644
1644
1641
1636
1633
1633
1624
1624
1622
1621
1619
1615
1615
1615
1610
1608
1606
1603
1599
1599
1598
1598
1596
1595
1595
1595
1594
1593
1592
1592
1588
1585
1584
1582
1580
1578
1577
1576
1576
1574
1570
1569
1563
1558
1556
1554
1549
1549
1547
1547
1544
1543
1542
1536
1535
1532
1531
1531
1529
1527
1525
1525
1523
1522
1520
1518
1515
1513
1512
1507
1504
1503
1501
1500
1500
1497
1491
1491
1488
1487
1484
1481
1480
1479
1479
1477
1475
1472
1472
1471
1468
1463
1461
1460
1458
1458
1455
1455
1452
1448
1443
1441
1439
1438
1437
1437
1435
1435
1434
1433
1432
1432
1430
1430
1429
1426
1419
1419
1418
1414
1413
1410
1407
1404
1403
1402
1398
1398
1395
1395
1389
1387
1386
1386
1383
1383
1381
1379
1377
1376
1373
1372
1370
1369
1366
1363
1359
1359
1356
1355
1355
1349
1346
1344
1343
1343
1341
1339
1338
1338
1333
1333
1327
1326
1323
1323
1322
1322
1322
1321
1318
1311
1310
1302
1299
1296
1295
1292
1291
1291
1290
1289
1288
1287
1287
1284
1282
1281
1280
1274
1273
1273
1269
1268
1267
1264
1264
1260
1259
1255
1254
1244
1242
1240
1239
1237
1234
1230
1228
1226
1224
1222
1220
1218
1217
1216
1213
1213
1213
1211
1206
1201
1201
1200
1200
1199
1198
1195
1194
1194
1190
1188
1185
1181
1180
1180
1180
1179
1178
1178
1176
1174
1171
1171
1170
1170
1166
1165
1163
1163
1162
1162
1161
1161
1158
1158
1157
1157
1155
1155
1155
1149
1147
1145
1143
1142
1139
1136
1136
1135
1132
1129
1129
1128
1127
1126
1124
1118
1116
1115
1115
1115
1114
1113
1112
1111
1107
1106
1106
1103
1103
1100
1092
1091
1091
1090
1089
1087
1082
1081
1081
1076
1075
1075
1073
1073
1072
1068
1068
1067
1063
1062
1054
1052
1046
1044
1043
1035
1035
1034
1031
1030
1029
1029
1028
1027
1025
1021
1020
1016
1016
1010
1007
1007
1005
1004
1003
1001
1000
