1000
1001
1003
1004
1005
1007
1007
1010
1016
1016
1020
1021
1025
1027
1028
1029
1029
1030
1031
1034
1035
1035
1043
1044
1046
1052
1054
1062
1063
1067
1068
1068
1072
1073
1073
1075
1075
1076
1081
1081
1082
1087
1089
1090
1091
1091
1092
1100
1103
1103
1106
1106
1107
1111
1112
1113
1114
1115
1115
1115
1116
1118
1124
1126
1127
1128
1129
1129
1132
1135
1136
1136
1139
1142
1143
1145
1147
1149
1155
1155
1155
1157
1157
1158
1158
1161
1161
1162
1162
1163
1163
1165
1166
1170
1170
1171
1171
1174
1176
1178
1178
1179
1180
1180
1180
1181
1185
1188
1190
1194
1194
1195
1198
1199
1200
1200
1201
1201
1206
1211
1213
1213
1213
1216
1217
1218
1220
1222
1224
1226
1228
1230
1234
1237
1239
1240
1242
1244
1254
1255
1259
1260
1264
1264
1267
1268
1269
1273
1273
1274
1280
1281
1282
1284
1287
1287
1288
1289
1290
1291
1291
1292
1295
1296
1299
1302
1310
1311
1318
1321
1322
1322
1322
1323
1323
1326
1327
1333
1333
1338
1338
1339
1341
1343
1343
1344
1346
1349
1355
1355
1356
1359
1359
1363
1366
1369
1370
1372
1373
1376
1377
1379
1381
1383
1383
1386
1386
1387
1389
1395
1395
1398
1398
1402
1403
1404
1407
1410
1413
1414
1418
1419
1419
1426
1429
1430
1430
1432
1432
1433
1434
1435
1435
1437
1437
1438
1439
1441
1443
1448
1452
1455
1455
1458
1458
1460
1461
1463
1468
1471
1472
1472
1475
1477
1479
1479
1480
1481
1484
1487
1488
1491
1491
1497
1500
1500
1501
1503
1504
1507
1512
1513
1515
1518
1520
1522
1523
1525
1525
1527
1529
1531
1531
1532
1535
1536
1542
1543
1544
1547
1547
1549
1549
1554
1556
1558
1563
1569
1570
1574
1576
1576
1577
1578
1580
1582
1584
1585
1588
1592
1592
1593
1594
1595
1595
1595
1596
1598
1598
1599
1599
1603
1606
1608
1610
1615
1615
1615
1619
1621
1622
1624
1624
1633
1633
1636
1641
1644
1644
1646
1646
1647
1650
1653
1654
1658
1658
1658
1662
1666
1666
1670
1671
1672
1673
1677
1679
1681
1682
1682
1683
1685
1685
1686
1687
1687
1688
1690
1694
1697
1698
1700
1701
1705
1706
1707
1707
1709
1709
1710
1712
1715
1718
1721
1723
1725
1729
1730
1733
1737
1738
1740
1741
1746
1747
1749
1751
1751
1755
1758
1760
1764
1764
1769
1771
1772
1779
1780
1782
1787
1788
1788
1788
1790
1792
1793
1797
1799
1799
1805
1808
1809
1815
1817
1818
1818
1819
1820
1834
1835
1836
1837
1840
1843
1846
1849
1852
1853
1854
1857
1861
1867
1868
1870
1872
1874
1876
1876
1879
1883
1885
1887
1889
1891
1892
1894
1895
1896
1899
1902
1903
1904
1905
1907
1908
1908
1911
1911
1912
1913
1913
1913
1914
1915
1915
1918
1922
1927
1928
1929
1931
1932
1936
1940
1943
1945
1950
1951
1952
1953
1954
1955
1958
1959
1959
1967
1968
1968
1969
1969
1970
1977
1978
1979
1982
1983
1984
1985
1987
1989
1990
1991
1992
1995
1996
1997
1998
2000
2004
2004
2007
2008
2012
2015
2016
2020
2021
2024
2029
2033
2033
2042
2043
2044
2047
2049
2050
2051
2052
2053
2057
2058
2059
2059
2059
2059
2061
2062
2064
2065
2066
2067
2070
2070
2070
2070
2077
2077
2077
2082
2083
2086
2088
2089
2091
2093
2094
2094
2096
2096
2097
2097
2097
2097
2098
2100
2100
2104
2104
2104
2105
2109
2110
2113
2113
2116
2118
2120
2120
2124
2124
2127
2128
2132
2134
2138
2139
2141
2145
2147
2149
2154
2155
2158
2158
2160
2171
2172
2173
2174
2174
2178
2181
2182
2185
2185
2186
2186
2187
2187
2189
2194
2194
2195
2197
2201
2203
2208
2209
2213
2216
2216
2221
2225
2227
2228
2231
2233
2234
2235
2241
2243
2243
2254
2258
2258
2262
2266
2267
2268
2269
2270
2270
2274
2274
2277
2280
2292
2294
2296
2297
2299
2300
2304
2304
2309
2311
2313
2314
2314
2327
2328
2328
2330
2331
2336
2341
2342
2343
2343
2347
2349
2350
2350
2352
2352
2352
2353
2353
2357
2357
2358
2361
2362
2364
2364
2372
2373
2374
2375
2379
2382
2382
2384
2388
2391
2396
2399
2400
2402
2402
2403
2403
2404
2406
2406
2409
2412
2412
2415
2416
2420
2422
2425
2426
2429
2433
2436
2437
2438
2440
2440
2442
2445
2447
2447
2453
2455
2455
2455
2457
2459
2464
2465
2467
2471
2476
2479
2481
2482
2484
2484
2485
2485
2490
2490
2492
2496
2498
2500
2503
2503
2506
2509
2512
2513
2520
2524
2526
2534
2536
2537
2537
2538
2539
2547
2548
2550
2560
2562
2566
2573
2577
2580
2581
2581
2582
2583
2584
2584
2585
2586
2586
2590
2591
2595
2595
2598
2601
2609
2610
2611
2612
2612
2614
2615
2617
2619
2620
2622
2624
2632
2633
2638
2639
2639
2640
2644
2645
2645
2646
2647
2649
2655
2659
2662
2665
2666
2667
2668
2668
2668
2670
2671
2673
2674
2680
2680
2684
2685
2686
2691
2693
2693
2694
2694
2695
2696
2697
2698
2698
2701
2706
2707
2708
2709
2712
2712
2713
2714
2714
2720
2721
2721
2722
2722
2727
2727
2728
2730
2734
2734
2744
2744
2752
2755
2756
2759
2760
2761
2761
2761
2764
2765
2767
2768
2769
2771
2772
2773
2778
2780
2781
2788
2790
2793
2797
2798
2804
2805
2806
2807
2808
2811
2811
2815
2818
2820
2820
2823
2824
2825
2826
2830
2832
2834
2834
2836
2845
2846
2849
2851
2858
2859
2864
2865
2866
2866
2870
2872
2873
2875
2883
2887
2887
2888
2888
2891
2895
2897
2900
2904
2905
2909
2912
2913
2916
2917
2919
2919
2919
2920
2920
2923
2929
2930
2932
2933
2933
2933
2934
2936
2937
2938
2938
2938
2940
2945
2947
2948
2949
2949
2949
2950
2951
2956
2956
2959
2959
2966
2966
2967
2969
2969
2969
2970
2971
2973
2976
2977
2981
2983
2983
2987
2988
2991
2993
2993
3001
3001
3002
3010
3012
3012
3013
3017
3020
3020
3021
3021
3021
3023
3024
3030
3031
3032
3034
3035
3035
3036
3038
3041
3042
3042
3043
3053
3060
3062
3064
3065
3066
3070
3071
3073
3075
3082
3084
3086
3088
3089
3089
3090
3096
3098
3102
3105
3106
3107
3110
3113
3114
3117
3117
3117
3118
3119
3121
3123
3124
3127
3132
3134
3135
3137
3137
3139
3140
3145
3145
3147
3147
3156
3157
3159
3159
3159
3160
3163
3165
3165
3166
3168
3173
3174
3174
3175
3177
3178
3180
3180
3181
3182
3189
3192
3193
3193
3195
3197
3199
3200
3201
3205
3206
3206
3210
3210
3215
3215
3216
3217
3220
3224
3225
3226
3230
3235
3236
3238
3239
3239
3241
3243
3244
3245
3245
3247
3247
3248
3250
3252
3252
3253
3253
3254
3261
3263
3264
3268
3270
3271
3274
3279
3279
3279
3280
3283
3285
3288
3291
3292
3292
3295
3298
3300
3300
3306
3314
3319
3320
3322
3323
3324
3326
3328
3330
3331
3332
3332
3333
3337
3339
3339
3339
3342
3346
3347
3347
3348
3349
3351
3354
3355
3355
3357
3358
3362
3364
3365
3366
3369
3370
3370
3374
3377
3377
3379
3381
3382
3388
3391
3393
3393
3394
3396
3399
3399
3401
3403
3404
3405
3411
3412
3413
3413
3415
3417
3419
3422
3425
3426
3429
3430
3432
3432
3435
3437
3437
3440
3443
3443
3445
3445
3448
3451
3452
3453
3456
3457
3458
3461
3467
3469
3478
3479
3480
3480
3481
3482
3483
3487
3487
3487
3490
3500
3500
3502
3508
3512
3514
3515
3517
3519
3519
3524
3524
3525
3526
3527
3527
3528
3529
3532
3534
3536
3542
3544
3545
3548
3548
3550
3552
3553
3553
3553
3555
3558
3558
3562
3564
3564
3565
3566
3566
3570
3575
3577
3577
3580
3580
3580
3581
3584
3584
3586
3591
3596
3597
3599
3601
3602
3603
3606
3609
3611
3614
3615
3616
3616
3617
3621
3622
3626
3627
3628
3631
3633
3635
3639
3640
3641
3641
3642
3645
3645
3646
3649
3650
3653
3654
3656
3658
3659
3660
3660
3661
3662
3665
3665
3668
3669
3670
3671
3676
3683
3685
3687
3689
3693
3696
3700
3702
3703
3707
3707
3711
3713
3718
3718
3719
3720
3721
3722
3723
3725
3734
3734
3737
3737
3738
3739
3739
3740
3741
3742
3745
3745
3745
3747
3748
3748
3750
3750
3751
3755
3759
3762
3763
3764
3765
3766
3767
3768
3770
3770
3772
3773
3775
3778
3778
3779
3783
3787
3789
3791
3792
3800
3802
3802
3805
3805
3809
3812
3814
3815
3816
3821
3824
3825
3834
3836
3837
3841
3841
3844
3849
3850
3850
3851
3852
3853
3853
3855
3855
3855
3857
3859
3861
3862
3865
3869
3870
3875
3876
3876
3883
3885
3886
3887
3889
3889
3893
3894
3896
3896
3899
3900
3901
3902
3904
3905
3906
3907
3908
3909
3910
3911
3912
3917
3921
3926
3926
3928
3929
3930
3931
3937
3938
3941
3941
3942
3946
3947
3947
3948
3949
3949
3952
3956
3963
3973
3975
3975
3978
3984
3984
3985
3986
3991
3991
3994
4006
4007
4007
4010
4010
4012
4015
4015
4015
4016
4018
4021
4025
4025
4027
4032
4037
4040
4040
4041
4043
4045
4047
4048
4049
4052
4054
4056
4057
4060
4062
4063
4063
4065
4065
4065
4070
4073
4074
4075
4075
4077
4077
4078
4081
4081
4082
4082
4083
4084
4085
4088
4090
4094
4095
4095
4098
4099
4101
4103
4106
4107
4107
4111
4111
4112
4113
4115
4118
4118
4119
4120
4121
4121
4122
4124
4124
4127
4133
4133
4141
4144
4153
4154
4154
4157
4159
4159
4160
4161
4164
4165
4165
4171
4172
4172
4173
4180
4182
4182
4182
4187
4192
4195
4202
4203
4204
4206
4206
4209
4209
4211
4215
4221
4222
4226
4229
4237
4239
4239
4240
4242
4244
4245
4246
4246
4248
4251
4252
4253
4255
4256
4261
4263
4266
4267
4267
4267
4267
4274
4277
4279
4280
4282
4282
4284
4284
4285
4286
4289
4294
4296
4297
4299
4299
4302
4303
4305
4309
4311
4311
4314
4315
4315
4319
4319
4326
4331
4331
4337
4338
4343
4343
4343
4344
4346
4349
4351
4354
4360
4360
4361
4362
4363
4364
4370
4376
4376
4379
4383
4385
4388
4393
4395
4396
4396
4396
4397
4397
4400
4401
4401
4404
4408
4409
4412
4414
4414
4415
4421
4426
4427
4428
4431
4431
4431
4436
4436
4438
4438
4439
4440
4441
4442
4444
4445
4451
4452
4455
4456
4460
4462
4466
4467
4469
4469
4469
4473
4475
4477
4478
4487
4487
4492
4493
4494
4494
4505
4507
4508
4508
4512
4513
4513
4517
4519
4519
4520
4520
4520
4520
4520
4523
4524
4529
4530
4530
4533
4534
4537
4538
4539
4540
4540
4541
4543
4544
4545
4546
4546
4551
4552
4556
4557
4558
4562
4564
4568
4569
4572
4572
4574
4578
4581
4581
4581
4584
4585
4585
4586
4590
4593
4597
4600
4605
4610
4613
4614
4617
4617
4617
4619
4622
4624
4629
4632
4632
4632
4640
4640
4641
4641
4644
4646
4647
4651
4653
4654
4656
4656
4657
4661
4662
4663
4665
4666
4667
4669
4669
4671
4679
4684
4685
4685
4690
4690
4695
4696
4697
4701
4706
4708
4711
4712
4719
4726
4727
4733
4736
4738
4739
4743
4743
4744
4746
4749
4750
4752
4755
4756
4759
4759
4760
4762
4764
4770
4774
4775
4779
4779
4785
4791
4792
4795
4798
4798
4800
4802
4802
4805
4805
4805
4807
4809
4810
4812
4817
4818
4826
4827
4834
4835
4835
4841
4845
4847
4850
4850
4851
4854
4859
4862
4862
4863
4865
4865
4865
4866
4868
4868
4868
4877
4878
4878
4879
4879
4882
4885
4887
4887
4891
4891
4892
4893
4894
4896
4900
4900
4904
4904
4910
4917
4920
4920
4921
4927
4927
4928
4928
4929
4930
4931
4932
4936
4940
4940
4943
4944
4944
4949
4949
4951
4955
4956
4957
4958
4959
4960
4965
4968
4970
4972
4974
4976
4977
4978
4978
4978
4979
4983
4983
4986
4987
4987
4988
4988
4991
4991
4993
4993
