1000
1001
1003
1004
1005
1007
1007
1010
1016
1016
1020
1021
1025
1027
1028
1029
1029
1030
1031
1034
1035
1035
1043
1044
1046
1052
1054
1062
1063
1067
1068
1068
1072
1073
1073
1075
1075
1076
1081
1081
1082
1087
1089
1090
1091
1091
1092
1100
1103
1103
1106
1106
1107
1111
1112
1113
1114
1115
1115
1115
1116
1118
1124
1126
1127
1128
1129
1129
1132
1135
1136
1136
1139
1142
1143
1145
1147
1149
1155
1155
1155
1157
1157
1158
1158
1161
1161
1162
1162
1163
1163
1165
1166
1170
1170
1171
1171
1174
1176
1178
1178
1179
1180
1180
1180
1181
1185
1188
1190
1194
1194
1195
1198
1199
1200
1200
1201
1201
1206
1211
1213
1213
1213
1216
1217
1218
1220
1222
1224
1226
1228
1230
1234
1237
1239
1240
1242
1244
1254
1255
1259
1260
1264
1264
1267
1268
1269
1273
1273
1274
1280
1281
1282
1284
1287
1287
1288
1289
1290
1291
1291
1292
1295
1296
1299
1302
1310
1311
1318
1321
1322
1322
1322
1323
1323
1326
1327
1333
1333
1338
1338
1339
1341
1343
1343
1344
1346
1349
1355
1355
1356
1359
1359
1363
1366
1369
1370
1372
1373
1376
1000
1001
1003
1004
1005
1007
1007
1010
1016
1016
1020
1021
1025
1027
1028
1029
1029
1030
1031
1034
1035
1035
1043
1044
1046
1052
1054
1062
1063
1067
1068
1068
1072
1073
1073
1075
1075
1076
1081
1081
1082
1087
1089
1090
1091
1091
1092
1100
1103
1103
1106
1106
1107
1111
1112
1113
1114
1115
1115
1115
1116
1118
1124
1126
1127
1128
1129
1129
1132
1135
1136
1136
1139
1142
1143
1145
1147
1149
1155
1155
1155
1157
1157
1158
1158
1161
1161
1162
1162
1163
1163
1165
1166
1170
1170
1171
1171
1174
1176
1178
1178
1179
1180
1180
1180
1181
1185
1188
1190
1194
1194
1195
1198
1199
1200
1200
1201
1201
1206
1211
1213
1213
1213
1216
1217
1218
1220
1222
1224
1226
1228
1230
1234
1237
1239
1240
1242
1244
1254
1255
1259
1260
1264
1264
1267
1268
1269
1273
1273
1274
1280
1281
1282
1284
1287
1287
1288
1289
1290
1291
1291
1292
1295
1296
1299
1302
1310
1311
1318
1321
1322
1322
1322
1323
1323
1326
1327
1333
1333
1338
1338
1339
1341
1343
1343
1344
1346
1349
1355
1355
1356
1359
1359
1363
1366
1369
1370
1372
1373
1376
1000
1001
1003
1004
1005
1007
1007
1010
1016
1016
1020
1021
1025
1027
1028
1029
1029
1030
1031
1034
1035
1035
1043
1044
1046
1052
1054
1062
1063
1067
1068
1068
1072
1073
1073
1075
1075
1076
1081
1081
1082
1087
1089
1090
1091
1091
1092
1100
1103
1103
1106
1106
1107
1111
1112
1113
1114
1115
1115
1115
1116
1118
1124
1126
1127
1128
1129
1129
1132
1135
1136
1136
1139
1142
1143
1145
1147
1149
1155
1155
1155
1157
1157
1158
1158
1161
1161
1162
1162
1163
1163
1165
1166
1170
1170
1171
1171
1174
1176
1178
1178
1179
1180
1180
1180
1181
1185
1188
1190
1194
1194
1195
1198
1199
1200
1200
1201
1201
1206
1211
1213
1213
1213
1216
1217
1218
1220
1222
1224
1226
1228
1230
1234
1237
1239
1240
1242
1244
1254
1255
1259
1260
1264
1264
1267
1268
1269
1273
1273
1274
1280
1281
1282
1284
1287
1287
1288
1289
1290
1291
1291
1292
1295
1296
1299
1302
1310
1311
1318
1321
1322
1322
1322
1323
1323
1326
1327
1333
1333
1338
1338
1339
1341
1343
1343
1344
1346
1349
1355
1355
1356
1359
1359
1363
1366
1369
1370
1372
1373
1376
1000
1001
1003
1004
1005
1007
1007
1010
1016
1016
1020
1021
1025
1027
1028
1029
1029
1030
1031
1034
1035
1035
1043
1044
1046
1052
1054
1062
1063
1067
1068
1068
1072
1073
1073
1075
1075
1076
1081
1081
1082
1087
1089
1090
1091
1091
1092
1100
1103
1103
1106
1106
1107
1111
1112
1113
1114
1115
1115
1115
1116
1118
1124
1126
1127
1128
1129
1129
1132
1135
1136
1136
1139
1142
1143
1145
1147
1149
1155
1155
1155
1157
1157
1158
1158
1161
1161
1162
1162
1163
1163
1165
1166
1170
1170
1171
1171
1174
1176
1178
1178
1179
1180
1180
1180
1181
1185
1188
1190
1194
1194
1195
1198
1199
1200
1200
1201
1201
1206
1211
1213
1213
1213
1216
1217
1218
1220
1222
1224
1226
1228
1230
1234
1237
1239
1240
1242
1244
1254
1255
1259
1260
1264
1264
1267
1268
1269
1273
1273
1274
1280
1281
1282
1284
1287
1287
1288
1289
1290
1291
1291
1292
1295
1296
1299
1302
1310
1311
1318
1321
1322
1322
1322
1323
1323
1326
1327
1333
1333
1338
1338
1339
1341
1343
1343
1344
1346
1349
1355
1355
1356
1359
1359
1363
1366
1369
1370
1372
1373
1376
1000
1001
1003
1004
1005
1007
1007
1010
1016
1016
1020
1021
1025
1027
1028
1029
1029
1030
1031
1034
1035
1035
1043
1044
1046
1052
1054
1062
1063
1067
1068
1068
1072
1073
1073
1075
1075
1076
1081
1081
1082
1087
1089
1090
1091
1091
1092
1100
1103
1103
1106
1106
1107
1111
1112
1113
1114
1115
1115
1115
1116
1118
1124
1126
1127
1128
1129
1129
1132
1135
1136
1136
1139
1142
1143
1145
1147
1149
1155
1155
1155
1157
1157
1158
1158
1161
1161
1162
1162
1163
1163
1165
1166
1170
1170
1171
1171
1174
1176
1178
1178
1179
1180
1180
1180
1181
1185
1188
1190
1194
1194
1195
1198
1199
1200
1200
1201
1201
1206
1211
1213
1213
1213
1216
1217
1218
1220
1222
1224
1226
1228
1230
1234
1237
1239
1240
1242
1244
1254
1255
1259
1260
1264
1264
1267
1268
1269
1273
1273
1274
1280
1281
1282
1284
1287
1287
1288
1289
1290
1291
1291
1292
1295
1296
1299
1302
1310
1311
1318
1321
1322
1322
1322
1323
1323
1326
1327
1333
1333
1338
1338
1339
1341
1343
1343
1344
1346
1349
1355
1355
1356
1359
1359
1363
1366
1369
1370
1372
1373
1376
1000
1001
1003
1004
1005
1007
1007
1010
1016
1016
1020
1021
1025
1027
1028
1029
1029
1030
1031
1034
1035
1035
1043
1044
1046
1052
1054
1062
1063
1067
1068
1068
1072
1073
1073
1075
1075
1076
1081
1081
1082
1087
1089
1090
1091
1091
1092
1100
1103
1103
1106
1106
1107
1111
1112
1113
1114
1115
1115
1115
1116
1118
1124
1126
1127
1128
1129
1129
1132
1135
1136
1136
1139
1142
1143
1145
1147
1149
1155
1155
1155
1157
1157
1158
1158
1161
1161
1162
1162
1163
1163
1165
1166
1170
1170
1171
1171
1174
1176
1178
1178
1179
1180
1180
1180
1181
1185
1188
1190
1194
1194
1195
1198
1199
1200
1200
1201
1201
1206
1211
1213
1213
1213
1216
1217
1218
1220
1222
1224
1226
1228
1230
1234
1237
1239
1240
1242
1244
1254
1255
1259
1260
1264
1264
1267
1268
1269
1273
1273
1274
1280
1281
1282
1284
1287
1287
1288
1289
1290
1291
1291
1292
1295
1296
1299
1302
1310
1311
1318
1321
1322
1322
1322
1323
1323
1326
1327
1333
1333
1338
1338
1339
1341
1343
1343
1344
1346
1349
1355
1355
1356
1359
1359
1363
1366
1369
1370
1372
1373
1376
1000
1001
1003
1004
1005
1007
1007
1010
1016
1016
1020
1021
1025
1027
1028
1029
1029
1030
1031
1034
1035
1035
1043
1044
1046
1052
1054
1062
1063
1067
1068
1068
1072
1073
1073
1075
1075
1076
1081
1081
1082
1087
1089
1090
1091
1091
1092
1100
1103
1103
1106
1106
1107
1111
1112
1113
1114
1115
1115
1115
1116
1118
1124
1126
1127
1128
1129
1129
1132
1135
1136
1136
1139
1142
1143
1145
1147
1149
1155
1155
1155
1157
1157
1158
1158
1161
1161
1162
1162
1163
1163
1165
1166
1170
1170
1171
1171
1174
1176
1178
1178
1179
1180
1180
1180
1181
1185
1188
1190
1194
1194
1195
1198
1199
1200
1200
1201
1201
1206
1211
1213
1213
1213
1216
1217
1218
1220
1222
1224
1226
1228
1230
1234
1237
1239
1240
1242
1244
1254
1255
1259
1260
1264
1264
1267
1268
1269
1273
1273
1274
1280
1281
1282
1284
1287
1287
1288
1289
1290
1291
1291
1292
1295
1296
1299
1302
1310
1311
1318
1321
1322
1322
1322
1323
1323
1326
1327
1333
1333
1338
1338
1339
1341
1343
1343
1344
1346
1349
1355
1355
1356
1359
1359
1363
1366
1369
1370
1372
1373
1376
1000
1001
1003
1004
1005
1007
1007
1010
1016
1016
1020
1021
1025
1027
1028
1029
1029
1030
1031
1034
1035
1035
1043
1044
1046
1052
1054
1062
1063
1067
1068
1068
1072
1073
1073
1075
1075
1076
1081
1081
1082
1087
1089
1090
1091
1091
1092
1100
1103
1103
1106
1106
1107
1111
1112
1113
1114
1115
1115
1115
1116
1118
1124
1126
1127
1128
1129
1129
1132
1135
1136
1136
1139
1142
1143
1145
1147
1149
1155
1155
1155
1157
1157
1158
1158
1161
1161
1162
1162
1163
1163
1165
1166
1170
1170
1171
1171
1174
1176
1178
1178
1179
1180
1180
1180
1181
1185
1188
1190
1194
1194
1195
1198
1199
1200
1200
1201
1201
1206
1211
1213
1213
1213
1216
1217
1218
1220
1222
1224
1226
1228
1230
1234
1237
1239
1240
1242
1244
1254
1255
1259
1260
1264
1264
1267
1268
1269
1273
1273
1274
1280
1281
1282
1284
1287
1287
1288
1289
1290
1291
1291
1292
1295
1296
1299
1302
1310
1311
1318
1321
1322
1322
1322
1323
1323
1326
1327
1333
1333
1338
1338
1339
1341
1343
1343
1344
1346
1349
1355
1355
1356
1359
1359
1363
1366
1369
1370
1372
1373
1376
1000
1001
1003
1004
1005
1007
1007
1010
1016
1016
1020
1021
1025
1027
1028
1029
1029
1030
1031
1034
1035
1035
1043
1044
1046
1052
1054
1062
1063
1067
1068
1068
1072
1073
1073
1075
1075
1076
1081
1081
1082
1087
1089
1090
1091
1091
1092
1100
1103
1103
1106
1106
1107
1111
1112
1113
1114
1115
1115
1115
1116
1118
1124
1126
1127
1128
1129
1129
1132
1135
1136
1136
1139
1142
1143
1145
1147
1149
1155
1155
1155
1157
1157
1158
1158
1161
1161
1162
1162
1163
1163
1165
1166
1170
1170
1171
1171
1174
1176
1178
1178
1179
1180
1180
1180
1181
1185
1188
1190
1194
1194
1195
1198
1199
1200
1200
1201
1201
1206
1211
1213
1213
1213
1216
1217
1218
1220
1222
1224
1226
1228
1230
1234
1237
1239
1240
1242
1244
1254
1255
1259
1260
1264
1264
1267
1268
1269
1273
1273
1274
1280
1281
1282
1284
1287
1287
1288
1289
1290
1291
1291
1292
1295
1296
1299
1302
1310
1311
1318
1321
1322
1322
1322
1323
1323
1326
1327
1333
1333
1338
1338
1339
1341
1343
1343
1344
1346
1349
1355
1355
1356
1359
1359
1363
1366
1369
1370
1372
1373
1376
1000
1001
1003
1004
1005
1007
1007
1010
1016
1016
1020
1021
1025
1027
1028
1029
1029
1030
1031
1034
1035
1035
1043
1044
1046
1052
1054
1062
1063
1067
1068
1068
1072
1073
1073
1075
1075
1076
1081
1081
1082
1087
1089
1090
1091
1091
1092
1100
1103
1103
1106
1106
1107
1111
1112
1113
1114
1115
1115
1115
1116
1118
1124
1126
1127
1128
1129
1129
1132
1135
1136
1136
1139
1142
1143
1145
1147
1149
1155
1155
1155
1157
1157
1158
1158
1161
1161
1162
1162
1163
1163
1165
1166
1170
1170
1171
1171
1174
1176
1178
1178
1179
1180
1180
1180
1181
1185
1188
1190
1194
1194
1195
1198
1199
1200
1200
1201
1201
1206
1211
1213
1213
1213
1216
1217
1218
1220
1222
1224
1226
1228
1230
1234
1237
1239
1240
1242
1244
1254
1255
1259
1260
1264
1264
1267
1268
1269
1273
1273
1274
1280
1281
1282
1284
1287
1287
1288
1289
1290
1291
1291
1292
1295
1296
1299
1302
1310
1311
1318
1321
1322
1322
1322
1323
1323
1326
1327
1333
1333
1338
1338
1339
1341
1343
1343
1344
1346
1349
1355
1355
1356
1359
1359
1363
1366
1369
1370
1372
1373
1376
