1666
2948
2951
1413
1067
1570
3596
1915
2178
1355
1835
2158
4206
3755
3002
3135
2983
3865
3036
1327
2633
3291
3089
4286
2225
2100
3947
2396
3127
4016
1010
4988
4299
4978
3239
4551
4303
1402
4632
4436
1887
2343
1311
3633
3525
1902
1837
3349
4865
1244
3017
3991
3189
3117
1434
2341
1115
4215
4533
2352
4222
3687
4267
1679
4010
1532
1323
4445
1507
3369
4493
1292
2154
1953
1945
4209
4165
2811
3319
1503
2294
1733
1007
3869
3364
3894
1356
1633
3377
2008
4456
1772
3366
3649
2887
4103
1843
4834
3403
1576
1694
4978
2644
3584
3346
3851
3570
4983
3975
1746
3065
3597
3532
3160
3288
1267
3035
4267
1849
2364
3012
2639
4762
1341
3082
4868
3772
2403
1398
1991
3519
3742
4469
3113
2182
2083
3220
2806
3659
2755
1969
3469
3787
3461
3239
3245
3886
2566
4408
3254
2004
4431
2091
2141
3268
4438
3292
2959
4043
4075
3545
1764
1437
2864
1016
2586
1437
4802
2584
2174
2274
1599
3064
4302
1029
3457
4040
2201
2671
2752
1658
3298
4736
3030
1677
3584
1089
2520
2536
2070
1020
1644
1044
3606
1287
4910
2983
3875
2609
1419
3253
4274
1359
4280
2185
1063
2585
2698
4835
3482
4438
1683
3348
1163
2382
3722
4614
3719
3566
3479
4202
3159
4431
4805
4538
3193
1707
3591
1780
1430
3952
3261
2438
1075
1389
1333
3021
2000
2547
2050
1817
2059
3668
1820
1481
1240
4541
1595
4520
4936
2934
3524
1697
1989
1779
2347
4090
1383
4944
3985
4755
4891
2297
4756
3314
1115
4546
3320
3118
3658
1112
1034
4442
3173
1603
4160
2929
2372
1891
3855
3519
4629
4466
4539
4045
2895
3748
2686
4376
2358
4462
4647
2756
3412
1730
1558
1940
1951
1544
2759
4054
4581
1346
2426
3702
4817
2134
1687
3821
1904
1922
4101
3168
3946
4927
3815
2094
3399
2933
4025
4309
3901
2834
4065
1081
3725
4654
1230
2870
3333
2969
4978
4412
4153
1046
1868
4015
2258
3792
1793
1458
4144
1395
4085
1977
2956
3791
4161
3181
3670
4657
4835
4082
3855
1641
2601
3639
1879
3859
4285
3225
2086
2420
4534
2825
2189
1129
3718
1797
1206
3910
4469
4070
1547
2181
2118
2503
4850
4845
1432
3236
1386
1433
3021
1876
4063
1585
4774
1075
3841
1165
1943
2437
1149
3393
3577
4666
2701
3876
2790
1549
3745
2981
4537
2761
4519
3524
2993
4240
3432
2128
2858
2228
2016
1035
1852
1174
3893
1954
1755
4986
2966
1808
1185
3107
2440
4063
4251
4976
2328
1128
4586
3975
3899
1373
1091
2057
4351
1764
4929
2808
1633
1646
3586
2668
3279
4949
1582
4195
1100
3422
2233
1113
4556
4558
2235
4944
2440
4296
3642
2382
1216
2666
2665
4441
2615
3580
3937
1615
3088
1670
3404
1471
2059
3635
2476
1338
2815
1000
1805
1751
3295
3984
2811
3622
3626
1758
3779
4048
4896
2973
3283
1712
2484
2614
3986
2484
2581
1549
1484
4656
2467
1681
2186
1377
2624
1500
4439
4052
4452
2209
3609
2987
2116
3529
2145
1978
1081
1608
4983
3963
2773
3224
4282
4121
3429
4376
1269
3355
3628
2482
2713
2067
2937
3394
3555
1132
4242
3413
3552
2171
3641
4726
2280
2722
3949
4282
3734
4974
4632
3075
4581
1987
3853
1914
3641
3768
3445
4841
4882
2097
3685
4862
2938
4346
1418
2693
3747
4049
4920
3238
3247
2959
4363
3121
2940
3614
3534
3480
3210
2967
2945
3601
4665
1359
4750
1740
3802
1296
1815
2425
3750
2933
1554
4613
1103
2947
1254
3279
4182
1129
1200
2668
3750
3357
4958
1068
4107
4277
3789
3123
4253
1322
2051
3837
3105
2412
1430
4475
4987
3508
2526
4546
1419
1671
1595
4354
1398
2548
3700
4159
4868
4669
1147
2728
4239
2043
2044
4299
4991
1606
3767
1426
3478
4111
4379
1291
2916
4866
3157
3355
3809
3467
2988
2415
2673
1792
3765
1410
1907
2269
3010
3991
1435
1016
4267
4082
1339
4081
3481
1455
1200
2560
3487
4007
3134
2490
1895
3351
2562
3841
1650
1979
2409
4887
1323
3852
4284
3844
1615
3707
4827
3553
3512
1043
2216
1737
2649
4991
3581
2956
2070
4073
4865
1982
2714
1950
3900
4951
2362
3323
3043
3084
4851
3200
2139
4940
4572
3053
4077
2534
3362
2617
1662
4795
4414
4349
4760
4746
4706
4331
4118
1274
3264
4921
4651
1515
4972
4157
4957
2070
1715
2698
1894
3745
1211
2909
3723
3660
1701
4397
3388
4396
3244
2373
3973
3930
3661
3994
3645
1658
3689
4920
2391
4805
3671
2147
3654
1162
1889
1688
1369
1201
2375
1343
1908
4513
3480
2138
2619
4931
4520
3195
1927
4812
4487
1403
4364
3978
1468
1073
1513
1936
3193
3721
1709
3437
1983
1769
3089
4426
1021
3544
2104
1518
4084
2900
3738
3617
3415
4679
3502
3653
3399
2349
2292
3816
2185
1569
3417
1710
1318
2453
4508
4641
2797
3748
3159
3876
4520
1387
2436
3764
1619
2919
4617
1287
2645
3759
4988
2343
4779
3800
2694
4854
2721
3270
3984
1143
1809
4520
4154
4624
1180
2311
4809
1273
4141
1157
3177
3850
3536
3562
1438
2485
2744
2805
2764
3737
2485
3458
2124
2645
3942
3763
3391
2379
3770
4684
1145
3640
2097
1959
1874
4865
2042
4255
4477
2384
1475
1729
4360
4959
3660
3825
4927
4172
2442
1448
3487
4505
1527
3166
3021
4487
4124
2583
2949
2208
4206
2492
3235
4584
4850
1157
2262
2374
3328
4294
4644
2059
2033
1461
4344
1543
4118
4810
3889
3252
4248
1636
4385
3718
4164
1840
4970
4337
4955
3217
3490
4469
4025
1929
2270
3905
2174
1985
3137
4585
3645
1500
1911
4032
4388
1220
4326
4315
2357
4127
2258
3178
1025
3487
4107
2707
4436
3140
4894
2012
4743
2227
1226
2872
1282
2970
1932
3110
4404
1004
2712
4712
1126
4893
2402
1685
3060
4863
1107
4904
4056
3947
2778
1700
1155
4209
4529
2691
1072
2976
1968
1115
1106
2709
4006
2455
3215
2684
1218
4543
4010
4695
3339
1280
2216
4622
3526
1488
1103
3566
4319
2433
1529
1885
2888
3676
4557
2722
4263
4930
2109
1092
3907
3339
1381
2007
4520
4203
2149
2693
4229
3553
4112
3041
1029
2938
4182
3616
1584
1709
1912
4770
2342
1658
3114
1705
4802
4987
2352
2781
1195
3124
3405
1028
1338
1592
2314
4508
1646
1598
4428
1846
3885
3071
2904
3904
3396
3020
2077
2465
4878
2053
3773
2412
3197
1647
2577
1990
1344
1520
4792
4119
2595
2194
2834
3098
2221
3285
3230
4900
4646
2304
1666
3739
4739
1054
4187
3419
3926
2823
1224
1007
3365
4859
3374
4640
1127
3201
2234
3453
2328
3180
4552
2695
1376
2887
3377
1366
2158
3745
2231
4159
2047
1062
4977
2029
2539
2020
1673
4315
2061
4578
2105
2331
3066
2065
1480
1076
4361
3337
2388
3448
2267
2059
1176
2187
4826
1260
2327
1497
2905
2447
3908
1326
4409
4669
2969
1001
1178
2270
2503
4610
3263
4133
3306
1577
2640
4012
2883
1198
3339
3020
2655
1522
1782
3775
2586
3734
1162
4106
1166
2836
4015
4431
4120
3332
3137
4593
2336
4605
3887
2573
4362
3527
2730
1289
3347
1854
1180
1725
1610
4473
1264
2052
1931
1788
1188
1574
2720
4041
1116
3401
2132
2096
3090
2767
2734
3929
2352
3042
4095
2127
2694
1213
4060
4965
1998
2820
2632
1911
1487
2172
2769
1395
1322
2088
2104
1905
3857
2066
4708
3650
4738
1995
1178
4749
2824
2919
1853
2422
1005
2638
2938
2765
3102
3062
3145
2760
3023
1443
4396
2357
1452
4569
4719
4173
1259
1355
4900
2639
2097
4383
1379
1788
4671
4632
4246
2457
1295
4311
4530
1861
2582
1030
2268
1179
3206
3381
4343
3720
4037
1363
2464
3001
3443
2406
2500
4663
2070
1857
1414
2186
2659
2772
3119
4065
4807
4513
1682
1170
1136
2004
4245
4764
4494
4319
1799
2481
2309
2950
4600
2350
2873
3248
3430
1653
1955
1386
4237
1234
4261
2094
1525
4523
3669
4960
4239
2993
1171
1114
3205
4211
2891
3850
3711
4507
2313
1491
3245
4122
3271
1091
2598
4847
3662
2097
2674
4027
2761
3683
2917
3912
2849
1322
4204
4099
4733
1180
2744
3514
3855
4517
2104
1892
2875
2093
3117
4314
1404
1818
1535
4775
3911
2971
1531
2512
2187
1333
2712
4590
2793
1472
2820
1621
1913
1997
2920
2708
2096
1872
3347
2113
1723
4095
4338
1624
2077
2930
2400
1913
2203
4081
2865
4297
4098
1163
1407
3370
4077
1194
4192
3393
3737
2591
1918
4667
3243
4111
4154
4564
2479
3086
1876
4711
2667
2361
2024
3174
3740
4979
1435
2923
2064
1142
2966
3896
1903
3443
1288
4904
4467
4267
2100
4279
4656
2949
1171
3358
4494
2680
4015
4891
2647
3435
1969
3440
4530
1027
3247
2846
2049
4696
4685
3174
4685
2932
1201
2058
1598
2155
4460
3354
1747
4862
1213
3280
1996
4759
4221
3580
2243
1291
4928
2021
4540
4993
4800
2429
2537
3500
1596
3906
2734
4545
4585
1161
2595
1068
3241
3814
1273
4641
1479
3432
4932
2509
2866
3182
4568
3889
4018
4791
1788
3382
2243
3342
3564
3928
1799
3646
4451
1136
1139
2524
2113
2082
2727
1787
4743
4444
1242
1771
2662
4943
1654
4887
1124
3159
2314
2697
4021
3032
1290
2402
2213
1106
3147
3332
3379
2933
1615
2830
4074
2670
2991
1818
4544
1563
3451
4401
3216
3322
2120
3627
4759
4798
4395
3145
3739
3300
3917
1644
2197
4397
2581
2620
4597
2447
2859
3147
3693
3163
3070
2610
1504
4115
3250
1441
4877
3528
1706
1790
2353
1052
2826
3550
4057
3577
2866
1958
1264
3527
2949
1523
4805
3542
2590
2851
3949
1082
1460
4779
3024
4171
4244
2646
1429
3713
4427
4078
3703
4752
4892
1576
4182
1578
2098
1952
1213
1707
1593
1718
2537
3770
1967
4311
3445
3558
3665
1819
3783
3331
1525
4065
3956
2490
3575
2580
2364
3253
1592
4653
3165
3696
2807
1594
2160
2033
3106
3902
3862
3139
1622
4524
2498
1547
1199
1760
1194
1595
2919
1970
1531
2832
4640
4744
2668
3073
2404
4246
3565
3602
3824
4617
1432
1310
1383
4083
1463
3215
2506
4133
1255
4305
1883
4455
1686
4075
2584
1984
2913
2780
3031
3603
1477
3206
1913
1372
4180
2768
4331
4415
4940
3616
2612
2455
1915
2611
4401
1472
4047
1491
4519
3599
1170
1087
1721
3553
1580
4540
4798
3621
4343
3515
4574
1281
3413
2195
2685
1512
1003
3500
3279
2761
4414
4370
1155
4878
3199
4562
4727
3292
3766
3117
4252
2888
3156
3931
2721
3274
2912
1181
4360
3778
1158
4617
1624
4690
2194
4121
4421
4785
3580
1222
2622
1343
4572
4113
2241
1135
4124
3564
3665
4266
3834
1458
4226
4879
3517
2330
2277
3210
1867
2818
1741
3326
4701
3226
1111
2416
2496
1690
4094
2299
2969
3013
2706
4619
1155
1556
3042
2798
1228
3805
2399
4956
3548
3558
4256
3035
3180
1035
4478
3425
2920
1751
1738
1542
2254
4917
1536
2845
3836
2304
3707
1073
4289
4968
1698
2353
1959
2471
3631
4662
3948
3812
2296
3883
4284
1899
1439
1321
3165
2771
3192
1239
3132
1588
2977
4581
1284
2110
2062
2612
1455
2173
3175
1118
2804
2015
3038
3483
3751
4512
4868
1685
4879
3938
3656
1928
1237
3802
3001
1908
1682
3853
4062
1501
2714
3330
1672
1834
4393
1749
4993
4492
2936
3300
3741
3896
2350
4400
1217
2680
4949
4818
4172
4928
2274
2445
4007
3452
1479
2077
2897
3252
3370
4343
2266
1031
1370
1268
3437
3012
2300
1158
4396
1896
1299
3921
3324
4088
1190
4040
2120
3778
2727
3456
1870
2124
2455
2538
2403
1687
2550
3096
3805
4440
1992
1968
1349
2513
3611
1599
3941
1090
1836
2788
4697
3411
3909
4661
2459
2696
1302
3426
3926
3870
3615
4885
1161
4690
3941
3034
2406
3849
2089
4165
3861
3548
3762
