1002
1002
1003
1005
1006
1008
1008
1009
1010
1010
1010
1014
1015
1016
1016
1018
1019
1021
1023
1025
1025
1026
1026
1026
1029
1030
1031
1034
1036
1036
1036
1037
1039
1039
1039
1043
1045
1047
1047
1047
1048
1049
1050
1050
1051
1053
1053
1056
1056
1057
1057
1057
1060
1060
1060
1060
1060
1061
1061
1064
1064
1065
1070
1071
1071
1072
1072
1073
1075
1076
1077
1079
1079
1080
1082
1083
1084
1084
1084
1086
1086
1088
1088
1090
1091
1092
1095
1096
1097
1098
1099
1100
1100
1101
1105
1108
1109
1109
1110
1110
1110
1111
1112
1113
1113
1114
1114
1114
1116
1116
1116
1118
1118
1119
1120
1124
1124
1124
1124
1125
1126
1127
1127
1128
1129
1129
1130
1130
1131
1131
1132
1134
1134
1135
1136
1138
1139
1141
1142
1143
1143
1144
1146
1147
1148
1148
1150
1151
1151
1152
1152
1154
1154
1155
1155
1156
1157
1158
1159
1163
1164
1165
1165
1166
1166
1166
1169
1170
1170
1174
1175
1175
1175
1176
1176
1176
1177
1177
1177
1178
1179
1180
1182
1183
1184
1186
1187
1188
1189
1189
1189
1190
1190
1192
1193
1194
1195
1195
1199
1199
1199
1200
1200
1200
1200
1202
1203
1205
1205
1205
1206
1207
1208
1209
1209
1210
1212
1213
1213
1214
1214
1214
1215
1216
1216
1217
1218
1226
1226
1227
1228
1228
1230
1231
1232
1235
1235
1235
1236
1236
1238
1238
1238
1239
1240
1244
1246
1248
1248
1249
1250
1250
1251
1252
1252
1252
1252
1255
1256
1257
1260
1261
1261
1264
1265
1266
1266
1267
1267
1268
1268
1269
1269
1271
1273
1273
1273
1276
1278
1278
1279
1280
1281
1281
1284
1287
1288
1289
1289
1289
1289
1290
1291
1300
1300
1302
1303
1306
1306
1307
1308
1308
1309
1310
1310
1310
1311
1313
1316
1316
1316
1317
1317
1318
1319
1320
1322
1324
1324
1325
1326
1326
1328
1329
1329
1330
1331
1332
1333
1333
1335
1336
1337
1339
1340
1340
1340
1341
1342
1344
1345
1346
1350
1351
1351
1352
1353
1353
1355
1356
1356
1358
1358
1360
1362
1363
1364
1364
1365
1365
1365
1366
1368
1369
1369
1370
1373
1374
1374
1375
1375
1375
1376
1377
1379
1379
1380
1380
1381
1381
1382
1382
1382
1383
1386
1387
1387
1387
1387
1389
1391
1393
1394
1394
1395
1395
1401
1401
1402
1403
1405
1407
1409
1409
1409
1409
1409
1409
1411
1411
1412
1412
1413
1413
1414
1417
1418
1418
1419
1421
1421
1423
1424
1424
1425
1425
1427
1427
1428
1429
1430
1431
1435
1436
1437
1437
1437
1438
1439
1440
1441
1441
1441
1442
1443
1443
1443
1444
1445
1447
1447
1447
1452
1454
1454
1454
1455
1459
1460
1461
1461
1464
1464
1464
1466
1467
1468
1468
1472
1472
1472
1473
1473
1474
1479
1483
1483
1484
1485
1486
1487
1487
1487
1489
1491
1493
1493
1495
1495
1498
1498
1500
1500
1502
1503
1503
1504
1505
1506
1506
1506
1506
1507
1507
1507
1508
1509
1512
1513
1515
1516
1516
1517
1518
1522
1523
1524
1525
1527
1527
1527
1531
1531
1531
1533
1533
1533
1534
1535
1535
1536
1536
1539
1539
1540
1540
1541
1544
1544
1546
1547
1548
1549
1549
1549
1552
1552
1552
1553
1553
1555
1555
1558
1558
1558
1559
1560
1562
1563
1564
1564
1565
1565
1568
1568
1569
1569
1569
1570
1572
1573
1573
1577
1578
1578
1579
1581
1582
1582
1582
1583
1585
1585
1587
1589
1589
1589
1591
1591
1591
1593
1595
1596
1597
1597
1598
1598
1598
1601
1602
1602
1603
1605
1605
1605
1605
1606
1606
1608
1608
1610
1611
1611
1612
1614
1615
1619
1622
1626
1626
1628
1628
1628
1629
1630
1631
1632
1633
1633
1636
1636
1636
1636
1636
1637
1638
1639
1639
1640
1641
1642
1642
1645
1645
1645
1648
1648
1648
1649
1649
1649
1650
1651
1652
1653
1653
1655
1655
1655
1656
1657
1657
1658
1660
1661
1662
1664
1664
1666
1668
1670
1673
1674
1675
1677
1677
1678
1678
1679
1679
1680
1681
1683
1684
1684
1687
1687
1688
1688
1690
1692
1696
1696
1697
1697
1701
1702
1702
1705
1705
1705
1708
1708
1709
1710
1710
1711
1713
1716
1718
1720
1720
1721
1721
1723
1724
1726
1727
1729
1732
1732
1733
1735
1735
1736
1737
1737
1738
1739
1739
1739
1739
1740
1740
1741
1741
1741
1741
1741
1741
1741
1743
1744
1744
1746
1747
1747
1747
1750
1750
1751
1751
1752
1752
1753
1754
1755
1756
1757
1758
1759
1760
1760
1764
1764
1766
1766
1767
1771
1771
1773
1773
1775
1775
1776
1778
1780
1781
1781
1782
1782
1783
1784
1788
1790
1791
1792
1793
1795
1795
1795
1796
1797
1798
1798
1799
1799
1800
1800
1800
2467
3615
1443
3776
3331
1439
2115
4232
3788
1967
1991
3514
3536
2695
4442
1869
2147
1653
4764
3407
4388
4719
3657
3043
1341
1539
4987
4153
2583
1376
4759
2165
3897
1954
4238
4884
2224
2932
1329
1409
1948
4885
1084
4043
1039
3349
1878
4273
3404
2677
4317
1474
3095
3226
1637
2014
3048
1718
4460
2754
1515
3921
3678
4473
2129
3919
3030
2695
3928
2533
3698
3586
1626
3205
4125
3046
3101
2285
4270
4708
2362
1014
4594
2591
4526
2986
1929
2019
2661
1441
4751
4117
2360
3517
4773
1747
3883
2940
1332
1365
3563
4695
3144
3396
1954
1552
4604
1356
4749
4199
1970
1773
3750
2760
1379
2874
1917
3394
4645
2838
1998
4343
3483
2374
4106
4748
4693
4370
1833
3479
1828
3010
3573
3711
4619
3084
4118
2230
3456
3958
2499
4584
4077
1862
3324
3626
1116
1741
2055
3330
4521
3547
1741
4576
4592
1134
4707
1746
4788
3046
4376
1142
1109
4054
4830
1965
4304
1816
2442
2853
2942
4473
3174
4143
1605
2901
2199
3086
2612
1649
1781
1218
1036
3286
4976
4732
1335
1633
3227
1805
1603
1057
4172
3894
1061
4461
3613
1653
2911
2431
3009
3859
3855
3665
1506
2210
3342
1835
2911
4009
3758
1527
4846
2139
3949
3802
3880
3950
1655
2660
3143
4221
3102
4854
1138
3025
2729
2830
1409
1002
2976
4417
2947
1214
4736
4796
1169
3236
2790
3775
2446
4996
3019
4673
1568
2355
2129
1329
1818
2239
1184
4965
3623
1606
1808
3428
4052
1157
1216
3254
3122
3340
2383
4589
4793
3121
2347
1895
2121
1092
1320
3042
3775
2249
2889
3718
3179
2001
3263
1502
1879
4859
1915
2560
1273
2164
2872
3198
3577
1833
1057
1605
3730
1414
3738
2839
1289
1531
3406
4195
3515
4662
2079
3644
2758
3723
1636
3376
2723
3564
2173
3912
4805
2879
1832
4191
3392
1999
1454
1890
4181
1421
1619
4756
3072
3254
3396
3167
4865
3747
1363
3463
3007
1491
1373
2077
3903
3157
3434
4310
1328
4758
2062
2379
1454
2971
1487
3668
3974
3111
2299
1795
4975
4999
4259
3831
3437
3437
3157
4458
1696
3826
4193
2169
1507
3202
3449
4593
3854
2495
1236
2462
3072
3252
2803
4131
3388
2688
2417
1143
2464
1608
1721
3836
1800
1417
1395
4241
2390
2307
1842
4529
4441
2053
4898
4165
1391
1844
4244
3728
2129
4563
1630
2162
3239
4676
1939
4375
2722
1835
2084
4012
2633
4611
2752
1741
2847
1727
3072
3982
2591
1901
2504
1016
3663
2677
2638
2080
3957
1553
2987
3334
4682
2738
1238
4225
4158
1602
4221
2888
2486
2244
2715
2867
3633
4676
1583
1302
1688
4348
4036
3618
3991
1867
3878
1365
3672
3679
1464
3424
4168
2052
2283
3306
1467
3854
4557
1411
4666
4812
4223
2621
2652
4365
3364
4977
3400
4391
1300
3490
1250
4409
2286
4864
2083
2233
4870
1827
4305
1759
4896
4502
2456
1589
4406
2254
2040
4790
1610
1690
1200
3455
1190
2789
1402
4958
3190
1750
1289
1593
4379
4349
4904
3276
4949
1016
2581
4427
2576
2332
4602
4909
3022
2404
2145
2740
2096
4414
3879
4977
4507
3733
2048
3551
4822
2910
1591
3580
3350
3707
3989
2442
3959
4587
2226
3054
2553
4308
2955
1516
3875
3349
1909
2655
4556
4078
1816
2626
2879
1955
1655
2613
3150
1485
2508
3812
4020
4134
4540
2435
3071
1023
2666
1737
3246
3393
2727
4971
1345
4989
3722
4325
2969
1771
4536
2993
1951
1252
3296
2915
2674
2128
3730
1236
3584
4970
1205
4141
3654
1419
3239
4213
2313
4766
2934
2984
2341
3616
3808
2344
4778
3631
2125
1602
3652
4528
4458
4324
2270
2479
2620
4771
1264
1901
4067
2743
4340
4881
4404
4251
1960
1226
3905
4442
2584
3836
3371
4057
3352
4716
2270
3542
4393
2178
3228
4869
1152
4467
1479
4261
4170
3157
2979
1072
3640
4604
1570
1084
1573
4065
2535
4789
2584
3036
1128
4847
3223
3146
4990
4111
2605
4532
1578
1088
1393
4019
3266
2672
4593
4530
3961
2316
3956
4612
3275
2972
1838
1558
4486
4064
2454
1306
1702
4246
4520
4505
4854
4531
1126
1903
1656
2231
2242
3811
4157
4645
3298
3817
3896
1573
1946
4447
4545
4226
1919
3636
3809
2495
1441
3782
2170
2441
2298
2053
2858
1680
2367
1534
2080
3954
3045
3086
3108
3313
1947
4845
2717
2691
3822
2156
3678
1831
1533
2571
1389
4045
3339
4426
1025
4038
1883
3202
4588
4180
2882
1289
3805
1130
4881
1764
2711
4440
4988
1961
1508
1340
4200
3933
3920
3052
3462
2832
2692
4512
4037
3863
1437
2463
2952
1443
4604
3019
1252
3648
4252
3788
4902
4951
1310
2682
2311
2173
4556
1809
4145
1164
2344
2569
3367
1582
1677
3460
3543
1755
2916
1154
2361
3465
4657
3509
2993
4201
4709
2851
1972
2872
2719
4271
4086
2916
4758
4619
2637
4204
1558
3355
2085
1148
3859
2539
4091
1189
3893
4409
3669
2202
3964
2555
4358
3351
4044
1837
1791
3177
1175
2301
2022
1885
1010
2605
3942
3125
4978
1601
4926
4040
1486
3275
2428
4139
1773
3729
1771
3844
4526
2778
2596
4013
2938
3262
2929
2082
4329
2327
4399
2892
1913
4791
1661
1060
4497
1360
1308
2365
3886
1226
4604
1848
1358
1899
3258
3813
3000
2703
2334
2876
1110
2043
4574
4709
2998
2640
4738
2542
1935
3256
2839
4943
1649
3254
4125
3333
4032
4244
4623
1664
3188
1642
1642
3542
1324
1881
3090
3407
3413
1611
1018
2480
1437
1409
1119
1209
1009
4312
3683
1760
1427
2964
4884
4643
3078
4600
1487
2478
3436
4262
2357
3473
1177
3610
2073
2490
3027
4136
2550
2403
4842
2192
3258
2671
3481
2522
1110
1353
2472
3188
3270
2382
3114
2238
2350
4984
1076
4439
2561
2420
4358
2524
2337
2895
4622
3385
3707
1562
3818
4149
2091
2324
1350
1866
4689
1875
1030
3005
4002
2906
2209
2051
1952
1235
2760
4987
2573
1850
4659
3306
4203
2265
2794
2954
1506
1708
4526
3236
2790
2660
4036
3855
3475
1585
3376
3291
1983
2294
1760
1129
2757
2349
3160
1985
3774
4981
3330
2471
3991
2987
4629
2792
4711
2590
1631
4881
1679
1881
2117
4160
3090
3301
2383
4646
4626
2259
4573
1369
1518
2893
1751
2081
1176
4304
4828
1985
1856
2537
4062
4988
4906
3180
1268
2199
2746
3185
3528
3755
2518
2647
1337
4492
3891
2303
4960
1424
1899
3209
1411
3269
2319
4794
4264
3794
2168
4326
4931
1386
2176
3570
4052
1856
1053
4905
4110
3627
1120
3759
3769
1083
3947
1358
1880
3358
1380
4987
3197
1100
2150
3360
4363
2654
1100
4088
3079
4521
1409
2385
2382
3630
3768
1878
4336
3259
4308
3557
2951
2519
2320
4383
4440
1579
3601
2557
2901
3294
4719
3625
3942
2324
3942
1090
2335
4834
3942
2677
3192
3769
1249
3867
3688
1403
1555
3718
2744
2207
3191
2243
3467
1031
1970
3529
4870
4623
4903
2942
3387
1793
2258
1858
4499
3069
2100
4502
2904
3994
1589
3983
2700
2546
2755
4403
2752
1060
2738
4680
3428
1863
4365
3139
3268
2777
3601
3128
1800
4777
1460
3915
3482
1319
1639
2850
3047
2877
2809
4868
2921
2603
2920
1006
1792
1447
3840
3400
1531
4945
4040
3838
2352
1942
4843
4356
1757
3582
4298
4977
1744
4828
4849
2752
3679
2766
3623
1401
2643
4615
3466
1407
2435
1563
1381
3884
3266
4664
4207
3322
4179
2332
2090
4809
4100
2344
2499
1895
1886
2925
4827
1239
1582
2898
1824
2609
3039
3895
4575
1192
4359
3134
2934
4366
4549
1257
2499
2355
1355
3527
3610
4049
2835
4429
1705
4286
2558
2346
1289
3146
3006
2383
4373
1513
3872
3767
4712
2046
3443
2766
3339
3133
3142
1383
2968
4987
3235
4581
3199
3227
4110
3875
4502
3446
3278
1582
1509
1151
1782
1540
2155
3051
2578
1807
1732
3756
3940
1079
3340
2710
2340
3002
1929
2189
2885
4655
1377
2494
1539
3459
2537
3737
1060
1498
4951
4712
4221
1086
1437
3128
4737
4816
3328
4896
3596
1452
3718
4927
1039
1252
2892
2329
1326
1512
1005
4098
4516
3837
4533
4235
3701
1736
3931
4144
1047
3609
1540
3969
4658
2840
3850
2144
4120
3009
1766
4090
1697
1569
3194
1084
4650
2051
2044
4104
1800
2034
1118
1628
4668
3521
1709
3708
4092
3978
2639
1498
3668
4320
2239
2104
1622
2487
2759
4493
4616
3664
1310
4439
1750
3783
3942
1752
4490
3322
2586
2830
3529
1678
4096
2645
4167
3729
2963
3049
3522
4509
4174
2441
3458
1976
1048
2476
1473
2682
1980
2353
1273
3468
4001
1232
1645
2086
3515
3307
1284
4477
1500
3541
4477
1279
3901
3605
3271
2924
2004
4285
1506
4052
3877
2036
1468
1917
3849
3147
2973
1710
2777
1758
2821
3344
1801
2800
4395
1364
2837
3123
1648
4820
3225
3762
1917
1940
1431
1775
1114
4548
1267
2710
3163
3774
3181
3350
2913
2206
1165
3019
3415
2234
4079
2335
4737
4586
2862
4776
2015
3644
3500
3865
3681
3166
4897
2904
4988
4568
1595
1724
2056
4545
3258
3941
1394
2957
1980
2987
4525
4087
4027
1814
3989
2876
2024
2403
2974
2321
1199
1175
3793
1985
1662
1387
2048
4970
4942
4901
1891
2040
3330
3887
3433
3297
1114
2025
3128
3565
3205
3705
3714
4566
4831
4866
4626
3227
3978
2447
3545
1649
2260
4950
3313
4622
1025
2961
4887
2509
2152
3614
2415
4468
2097
3420
2152
3880
2512
4580
4452
1109
2922
4402
1865
4645
4762
2967
3704
2071
4412
1455
2667
3447
3006
4561
4680
1657
2454
2595
3988
4426
2583
2823
1366
4611
4385
2175
3249
1867
4857
2527
1461
3029
3268
3094
1859
3879
3006
1879
4143
4551
2087
1741
1976
1857
3971
2279
2232
1816
3216
3338
2836
3954
1733
2003
1248
4120
4263
1533
1227
1747
4975
3928
1845
3306
4102
2694
4136
3705
1865
4309
3768
2997
2461
1775
4077
4157
4955
2800
4754
3488
4033
1591
3601
4685
1436
4791
1125
1928
1195
2681
1441
4495
3743
3370
2112
2115
2985
1276
2036
1037
2604
4954
2386
3755
4090
4512
1159
3146
1205
1290
3135
2504
2914
3044
1753
2418
4824
4004
2692
2110
3428
2016
2909
4947
3394
2113
1917
3414
2071
1487
3689
1720
3270
3248
1915
2329
4796
1351
1891
3499
2720
1636
2328
1938
1741
1859
4055
2037
4011
2829
2662
3136
2743
3731
2819
4090
2525
1424
1744
3023
1316
2291
1060
3956
3229
4286
2446
1008
2439
2235
3297
2783
2112
1657
4825
3166
4113
1738
2298
3620
2766
4466
2731
4080
2493
2087
2228
4759
4700
3129
4308
3049
1174
3182
3777
1124
2395
3055
4382
4351
4812
1039
3564
4025
4370
3845
4571
3235
4301
1808
2553
4043
3512
1440
1560
1202
2498
2379
2912
1336
1405
4692
1194
2142
1780
4152
4670
1681
3752
2547
2718
4686
3590
3544
4692
2658
1721
3848
2412
4086
1155
4537
1683
2570
2947
2714
2365
2501
3877
1326
1664
2095
2535
4077
1034
4325
4672
3724
2931
1026
2395
4086
1517
1632
3635
3559
1912
2938
2969
4305
1260
4978
4600
3136
3735
4096
4451
3847
1368
1230
1269
1891
2023
2938
4386
4826
4924
1213
3497
2040
4358
1527
1598
4286
4340
1049
1581
1972
1929
2641
4074
3852
4601
4080
4255
1834
2242
2612
2811
1812
2438
3154
3089
2389
3132
2357
1688
3365
3395
1306
1136
1310
2739
3363
1495
1816
2483
4711
1885
1130
3661
1569
4501
3080
3459
3054
1461
2742
4989
4698
2377
4315
4579
1918
2973
1015
3730
3579
3104
1638
4005
4036
2571
3132
4207
3997
1340
1228
1915
2896
4397
4821
1756
3018
1921
1612
2557
3076
3548
1713
2216
3930
4619
4646
2116
2116
4148
1060
4344
4406
2687
4790
2706
2063
4811
2617
2815
4587
1741
3473
2959
4672
1002
2208
4725
4781
2636
4620
1240
3000
4406
1904
1382
3238
4008
4051
2272
3507
4048
2119
2936
4267
1435
1949
4895
3112
2486
3884
1648
4039
3669
1050
3615
3243
1788
2439
3638
1797
1527
3495
1147
1547
4392
1019
1684
3498
3196
3800
3391
4414
4496
2598
1739
3546
4313
4288
2877
1182
3322
4723
1800
2259
1158
1899
4327
3673
2041
1827
3056
2357
4344
1928
4689
4320
1628
4079
4002
4341
1908
3415
2003
4899
3624
1945
1833
1655
4112
1427
3691
1152
2326
2707
2353
3322
4513
2672
2966
3813
4631
2157
4456
3388
2149
2012
2937
3163
4015
2761
4823
4737
1859
4729
1597
2605
1960
2184
2071
2132
1340
4875
1483
1127
2117
2339
3639
3114
4575
3420
1597
4586
4198
4623
4533
4658
3173
3653
2379
1821
3386
2687
2507
1151
3568
1280
1636
1799
1572
4531
4043
2960
2616
4367
1124
4025
4385
4159
4901
1628
2115
2334
1645
3475
3245
3267
3398
1651
4725
1101
1444
1098
4772
1726
2601
4367
3801
3922
4525
1776
3962
3601
3456
1190
2542
4828
2737
1382
3261
1183
1064
2676
4654
1199
1832
2162
3087
3854
3459
2736
3527
1364
2926
1318
4716
2673
2583
3362
4274
4066
4461
2348
3661
3212
1608
2463
2176
3050
4175
2949
3642
1879
4098
3977
4623
2379
2259
2125
2849
1053
2525
2166
2488
2682
1782
1353
2102
4797
2621
4654
2058
2204
1871
3674
2067
1113
2666
3315
3049
3003
4613
1585
3991
1317
2619
3166
4189
3782
4959
1605
4277
4894
1877
1812
4402
2455
3751
4262
2299
2165
1308
3466
4791
4036
1834
3247
1552
3968
1154
3000
2462
2150
2427
2269
1080
4448
1917
2884
4076
4530
3070
3820
4039
3286
2355
3875
4467
1525
4549
3321
4189
2726
4113
1029
4777
4987
2519
2333
3088
1899
1531
2916
4819
1070
2166
3183
4331
2147
2032
2644
2679
3459
4837
2349
3709
1428
4059
2959
3863
4696
1670
4187
1544
2060
3434
4257
4926
4552
3482
1660
4952
1235
1935
1705
2343
4268
1815
1135
4931
1614
3616
2667
1186
3663
1429
4183
3147
3712
1238
4433
1739
2654
1958
1673
3154
2594
3980
3541
4348
4008
2747
3099
2783
4396
3488
3831
1553
1636
2569
4644
3222
1536
4723
2265
2504
2499
2561
4161
4022
4084
2747
3019
4103
4198
3825
1374
1992
2523
2181
2982
2521
3911
4586
4744
4178
1412
3661
1999
4404
4840
3889
1484
3487
3996
4544
3414
4544
4061
2420
1767
4872
2802
2051
3435
2576
1281
3352
4562
1311
1166
1369
1648
1203
3695
3074
3787
4430
4519
3827
2000
1784
3470
4464
3135
1522
3841
4176
4080
3289
3420
3680
4566
2881
3548
2541
4320
4339
2639
1425
3157
3691
4114
2854
4472
4255
1447
1443
2594
2068
1913
4028
2756
4628
3306
1132
3381
3159
2767
3651
2487
1175
2866
4536
4419
2066
3286
4927
4805
4474
2898
2094
1178
3848
1991
2228
3934
4535
4504
1936
1252
3559
4567
2768
4424
4391
1993
1564
3814
4789
3424
4509
1047
4178
4922
4702
4385
1057
3745
3337
2486
3244
1735
2145
2284
2888
4309
1901
3765
1795
3322
4244
4607
2568
1929
1026
4880
1124
4254
2426
3716
4932
1847
3688
4358
2113
4485
2477
2179
3882
2533
3899
1129
1307
1346
3857
1732
1113
3207
3372
4827
1342
2516
2740
4349
1880
3815
3824
4755
3874
2062
4795
2961
1941
1256
3847
3680
2547
2542
3124
4809
3384
2426
1743
2886
3942
2937
1250
2512
4525
4110
3079
1091
3233
1208
3722
1708
3024
2428
3398
4838
4933
3280
1578
1430
3790
2859
4655
2746
2893
3568
4540
3276
4845
3713
3193
1589
3315
4581
1778
4891
3618
2510
1640
4989
1375
2848
1853
1952
3486
1466
4652
1246
4743
1710
4766
2455
2165
1740
4947
2533
2322
1998
3025
1261
4535
1394
1099
1862
3224
1677
3950
4267
2713
3027
2679
4295
2928
3468
3915
3014
3075
3003
1086
1177
3041
3838
4401
4965
1331
3041
3614
1088
2869
1179
4893
1928
1333
2537
3047
2374
4357
4784
1995
4533
1468
3622
4536
2457
4582
2464
4634
2505
3867
3109
1045
1150
1079
4213
2428
2105
2696
4848
2522
2988
3854
4294
2849
3584
1313
1493
1611
4679
1506
3660
1412
1401
2783
4302
3798
4502
2196
1894
1189
2094
4337
2161
1464
2082
1711
4082
5000
1214
3694
3797
4395
2673
3513
4167
3246
2060
4199
3615
2911
1139
1418
2565
3684
4994
1986
1799
2488
2883
1833
3621
4658
3528
1127
4119
2464
4443
2953
3644
1216
3414
3018
3194
3585
4471
3942
3781
2556
3666
1894
2700
1214
2456
1564
2489
2290
1859
2748
3492
1409
3599
1948
3030
1472
3464
2786
2803
3426
4181
2332
4890
1720
2789
1193
4035
3097
4435
1678
3852
3188
3847
4926
1418
3523
3698
4559
2429
3456
1891
3257
4026
3877
3995
2869
3129
2260
2601
4558
3455
3078
2890
3714
4900
3251
3247
4333
3739
3435
1747
1641
2211
2851
3274
3470
4034
1880
4994
4743
3307
3713
4857
1716
3883
2894
4528
2057
2946
1692
2105
2192
2848
4730
4470
2551
2167
4269
1387
4406
1741
4381
1382
3363
4006
1459
3686
3282
3843
3717
1075
1495
3409
3054
1365
3861
2291
2544
1442
4730
2613
1864
1344
3786
1535
3540
4121
1675
3868
1010
1111
1702
4319
4640
1873
2126
3915
4858
3160
2415
4043
3847
3855
1362
3743
4255
3208
1944
4861
1875
3466
1533
2598
2323
2354
4964
1888
2078
1271
1558
2388
3144
2485
1210
3027
2275
3268
3326
1316
1071
2416
3252
1853
2077
3843
3537
1645
1568
4569
3485
4008
4965
4643
1668
1199
3053
1981
4503
2055
4422
4502
2578
1687
4057
3694
4963
4002
1889
4262
2190
1847
2905
4703
3849
2437
1751
4425
4547
4588
4916
2227
2127
2776
1739
3165
4226
3110
4928
3909
4944
3685
2545
2736
3364
1116
4615
1971
3280
2401
1141
4903
3660
1061
3238
2099
4379
3521
3790
1803
2727
1819
2797
4749
3865
4277
2848
1541
3315
1875
2550
3785
2270
4071
1176
4712
2612
2638
2430
3838
1795
2740
2270
3262
1950
3816
2076
4313
2351
1882
3166
4190
3949
4598
1056
2064
3675
1790
2620
3980
3637
2716
1696
1536
3166
1105
3793
2648
1073
2315
3566
1895
4098
3357
1472
4154
1504
1071
2608
2584
1134
3089
1325
3824
4153
1598
4575
2389
1991
2319
2130
4090
2647
4678
2874
2382
4382
4864
1507
3174
3089
2725
2782
4922
1228
2470
3789
1464
3225
4881
2014
4131
3976
4676
4455
4695
2880
3160
4776
3273
3455
3287
2638
3542
4925
2817
4440
1447
1112
1687
4733
2940
4445
1413
1979
4494
4770
4528
1629
1177
3954
3999
4584
1200
1905
3004
2048
1047
3015
3018
3897
3880
4812
2810
4430
4762
4146
1874
3406
4210
1587
4385
3600
3717
1043
2436
2922
3694
2685
1036
1146
1269
4161
2477
1095
4585
2560
1701
3989
2281
4649
3554
1705
4017
1796
4623
2907
2098
1565
1493
1180
4382
1051
1189
2531
4730
1266
4035
4575
3342
3009
2404
1507
2980
1195
2000
1235
3397
4377
1251
2621
4146
1783
3620
1131
2980
1380
1212
2669
2311
3192
2213
2483
4826
2742
3299
2411
3068
4583
1423
4693
2084
2500
2762
