1002
1002
1003
1005
1006
1008
1008
1009
1010
1010
1010
1014
1015
1016
1016
1018
1019
1021
1023
1025
1025
1026
1026
1026
1029
1030
1031
1034
1036
1036
1036
1037
1039
1039
1039
1043
1045
1047
1047
1047
1048
1049
1050
1050
1051
1053
1053
1056
1056
1057
1057
1057
1060
1060
1060
1060
1060
1061
1061
1064
1064
1065
1070
1071
1071
1072
1072
1073
1075
1076
1077
1079
1079
1080
1082
1083
1084
1084
1084
1086
1086
1088
1088
1090
1091
1092
1095
1096
1097
1098
1099
1100
1100
1101
1105
1108
1109
1109
1110
1110
1110
1111
1112
1113
1113
1114
1114
1114
1116
1116
1116
1118
1118
1119
1120
1124
1124
1124
1124
1125
1126
1127
1127
1128
1129
1129
1130
1130
1131
1131
1132
1134
1134
1135
1136
1138
1139
1141
1142
1143
1143
1144
1146
1147
1148
1148
1150
1151
1151
1152
1152
1154
1154
1155
1155
1156
1157
1158
1159
1163
1164
1165
1165
1166
1166
1166
1169
1170
1170
1174
1175
1175
1175
1176
1176
1176
1177
1177
1177
1178
1179
1180
1182
1183
1184
1186
1187
1188
1189
1189
1189
1190
1190
1192
1193
1194
1195
1195
1199
1199
1199
1200
1200
1200
1200
1202
1203
1205
1205
1205
1206
1207
1208
1209
1209
1210
1212
1213
1213
1214
1214
1214
1215
1216
1216
1217
1218
1226
1226
1227
1228
1228
1230
1231
1232
1235
1235
1235
1236
1236
1238
1238
1238
1239
1240
1244
1246
1248
1248
1249
1250
1250
1251
1252
1252
1252
1252
1255
1256
1257
1260
1261
1261
1264
1265
1266
1266
1267
1267
1268
1268
1269
1269
1271
1273
1273
1273
1276
1278
1278
1279
1280
1281
1281
1284
1287
1288
1289
1289
1289
1289
1290
1291
1300
1300
1302
1303
1306
1306
1307
1308
1308
1309
1310
1310
1310
1311
1313
1316
1316
1316
1317
1317
1318
1319
1320
1322
1324
1324
1325
1326
1326
1328
1329
1329
1330
1331
1332
1333
1333
1335
1336
1337
1339
1340
1340
1340
1341
1342
1344
1345
1346
1350
1351
1351
1352
1353
1353
1355
1356
1356
1358
1358
1360
1362
1363
1364
1364
1365
1365
1365
1366
1368
1369
1369
1370
1373
1374
1374
1375
1375
1375
1376
1377
1379
1379
1380
1380
1381
1381
1382
1382
1382
1383
1386
1387
1387
1387
1387
1389
1391
1393
1394
1394
1395
1395
1401
1401
1402
1403
1405
1407
1409
1409
1409
1409
1409
1409
1411
1411
1412
1412
1413
1413
1414
1417
1418
1418
1419
1421
1421
1423
1424
1424
1425
1425
1427
1427
1428
1429
1430
1431
1435
1436
1437
1437
1437
1438
1439
1440
1441
1441
1441
1442
1443
1443
1443
1444
1445
1447
1447
1447
1452
1454
1454
1454
1455
1459
1460
1461
1461
1464
1464
1464
1466
1467
1468
1468
1472
1472
1472
1473
1473
1474
1479
1483
1483
1484
1485
1486
1487
1487
1487
1489
1491
1493
1493
1495
1495
1498
1498
1500
1500
1502
1503
1503
1504
1505
1506
1506
1506
1506
1507
1507
1507
1508
1509
1512
1513
1515
1516
1516
1517
1518
1522
1523
1524
1525
1527
1527
1527
1531
1531
1531
1533
1533
1533
1534
1535
1535
1536
1536
1539
1539
1540
1540
1541
1544
1544
1546
1547
1548
1549
1549
1549
1552
1552
1552
1553
1553
1555
1555
1558
1558
1558
1559
1560
1562
1563
1564
1564
1565
1565
1568
1568
1569
1569
1569
1570
1572
1573
1573
1577
1578
1578
1579
1581
1582
1582
1582
1583
1585
1585
1587
1589
1589
1589
1591
1591
1591
1593
1595
1596
1597
1597
1598
1598
1598
1601
1602
1602
1603
1605
1605
1605
1605
1606
1606
1608
1608
1610
1611
1611
1612
1614
1615
1619
1622
1626
1626
1628
1628
1628
1629
1630
1631
1632
1633
1633
1636
1636
1636
1636
1636
1637
1638
1639
1639
1640
1641
1642
1642
1645
1645
1645
1648
1648
1648
1649
1649
1649
1650
1651
1652
1653
1653
1655
1655
1655
1656
1657
1657
1658
1660
1661
1662
1664
1664
1666
1668
1670
1673
1674
1675
1677
1677
1678
1678
1679
1679
1680
1681
1683
1684
1684
1687
1687
1688
1688
1690
1692
1696
1696
1697
1697
1701
1702
1702
1705
1705
1705
1708
1708
1709
1710
1710
1711
1713
1716
1718
1720
1720
1721
1721
1723
1724
1726
1727
1729
1732
1732
1733
1735
1735
1736
1737
1737
1738
1739
1739
1739
1739
1740
1740
1741
1741
1741
1741
1741
1741
1741
1743
1744
1744
1746
1747
1747
1747
1750
1750
1751
1751
1752
1752
1753
1754
1755
1756
1757
1758
1759
1760
1760
1764
1764
1766
1766
1767
1771
1771
1773
1773
1775
1775
1776
1778
1780
1781
1781
1782
1782
1783
1784
1788
1790
1791
1792
1793
1795
1795
1795
1796
1797
1798
1798
1799
1799
1800
1800
1800
1800
1801
1802
1803
1805
1807
1808
1808
1809
1809
1812
1812
1814
1815
1816
1816
1816
1816
1816
1818
1819
1821
1821
1823
1824
1826
1827
1827
1828
1831
1832
1832
1833
1833
1833
1833
1834
1834
1835
1835
1837
1837
1837
1838
1842
1844
1845
1847
1847
1848
1848
1850
1853
1853
1856
1856
1856
1857
1858
1859
1859
1859
1859
1859
1860
1862
1862
1863
1864
1865
1865
1866
1867
1867
1867
1869
1871
1873
1873
1874
1875
1875
1875
1877
1878
1878
1879
1879
1879
1879
1880
1880
1880
1881
1881
1881
1882
1883
1885
1885
1886
1886
1887
1888
1889
1890
1891
1891
1891
1891
1891
1892
1894
1894
1895
1895
1895
1899
1899
1899
1899
1901
1901
1901
1901
1903
1904
1905
1908
1909
1912
1913
1913
1914
1915
1915
1915
1917
1917
1917
1917
1917
1917
1918
1918
1919
1921
1924
1928
1928
1928
1928
1929
1929
1929
1929
1932
1934
1934
1935
1935
1936
1938
1939
1940
1940
1941
1941
1942
1944
1944
1945
1946
1947
1948
1948
1949
1950
1951
1951
1951
1952
1952
1954
1954
1955
1955
1956
1958
1959
1960
1960
1961
1965
1966
1967
1967
1970
1970
1971
1972
1972
1976
1976
1979
1979
1980
1980
1981
1983
1984
1985
1985
1985
1986
1987
1988
1991
1991
1991
1992
1993
1995
1998
1998
1999
1999
2000
2000
2001
2001
2002
2003
2003
2004
2006
2009
2009
2012
2012
2013
2014
2014
2015
2015
2016
2017
2019
2020
2022
2023
2024
2024
2025
2032
2034
2036
2036
2037
2037
2040
2040
2040
2041
2041
2043
2044
2046
2048
2048
2048
2049
2051
2051
2051
2052
2052
2053
2053
2055
2055
2056
2056
2057
2058
2060
2060
2061
2062
2062
2062
2063
2064
2065
2066
2067
2068
2071
2071
2071
2073
2076
2076
2077
2077
2077
2078
2078
2079
2079
2080
2080
2081
2082
2082
2082
2083
2084
2084
2085
2086
2087
2087
2090
2091
2093
2094
2094
2095
2096
2097
2098
2099
2100
2100
2101
2102
2104
2105
2105
2109
2110
2110
2112
2112
2112
2113
2113
2113
2114
2115
2115
2115
2115
2116
2116
2117
2117
2119
2121
2123
2125
2125
2126
2126
2127
2128
2129
2129
2129
2130
2132
2139
2141
2142
2144
2145
2145
2146
2147
2147
2149
2149
2150
2150
2152
2152
2155
2155
2156
2157
2161
2162
2162
2164
2165
2165
2165
2166
2166
2167
2167
2168
2169
2170
2173
2173
2174
2174
2175
2176
2176
2178
2179
2179
2181
2184
2189
2190
2192
2192
2193
2193
2196
2199
2199
2199
2200
2202
2204
2206
2207
2208
2208
2209
2209
2210
2211
2211
2213
2216
2219
2222
2224
2226
2226
2227
2228
2228
2230
2231
2231
2232
2233
2234
2235
2236
2238
2239
2239
2242
2242
2243
2243
2244
2248
2249
2249
2254
2256
2258
2259
2259
2259
2260
2260
2264
2265
2265
2266
2266
2269
2270
2270
2270
2270
2272
2272
2273
2275
2279
2281
2282
2282
2283
2284
2284
2285
2285
2285
2286
2289
2290
2291
2291
2294
2295
2298
2298
2299
2299
2301
2302
2303
2304
2305
2307
2311
2311
2312
2313
2315
2316
2317
2319
2319
2319
2320
2321
2321
2322
2323
2323
2323
2324
2324
2326
2327
2328
2328
2329
2329
2330
2330
2332
2332
2332
2333
2334
2334
2335
2335
2337
2339
2340
2341
2341
2343
2343
2344
2344
2344
2345
2346
2347
2348
2349
2349
2350
2351
2351
2351
2352
2353
2353
2354
2355
2355
2355
2357
2357
2357
2360
2361
2362
2363
2364
2365
2365
2367
2369
2370
2374
2374
2374
2377
2378
2378
2379
2379
2379
2379
2381
2382
2382
2382
2383
2383
2383
2385
2386
2388
2389
2389
2390
2390
2395
2395
2396
2400
2401
2403
2403
2404
2404
2408
2408
2410
2411
2412
2415
2415
2416
2417
2418
2419
2420
2420
2425
2426
2426
2426
2426
2427
2427
2428
2428
2428
2429
2430
2431
2432
2432
2435
2435
2436
2437
2438
2439
2439
2441
2441
2442
2442
2444
2446
2446
2447
2450
2454
2454
2454
2455
2455
2455
2455
2456
2456
2457
2461
2462
2462
2463
2463
2464
2464
2464
2466
2467
2467
2468
2470
2471
2472
2473
2474
2476
2477
2477
2478
2479
2480
2480
2481
2483
2483
2484
2485
2486
2486
2486
2487
2487
2487
2488
2488
2489
2489
2490
2490
2492
2492
2493
2494
2495
2495
2498
2498
2499
2499
2499
2499
2500
2501
2501
2504
2504
2504
2505
2507
2508
2509
2510
2512
2512
2512
2516
2518
2519
2519
2521
2522
2522
2522
2523
2523
2524
2525
2525
2527
2531
2531
2533
2533
2533
2535
2535
2537
2537
2537
2539
2539
2541
2542
2542
2542
2542
2544
2545
2546
2547
2547
2548
2548
2550
2550
2551
2553
2553
2554
2554
2555
2555
2556
2556
2557
2557
2558
2560
2560
2561
2561
2561
2565
2568
2569
2569
2570
2570
2571
2571
2573
2576
2576
2578
2578
2581
2582
2583
2583
2583
2584
2584
2584
2586
2590
2591
2591
2592
2594
2594
2595
2595
2595
2595
2596
2598
2598
2599
2601
2601
2601
2603
2604
2605
2605
2605
2608
2609
2611
2612
2612
2612
2613
2613
2615
2616
2617
2618
2619
2620
2620
2621
2621
2621
2623
2625
2626
2633
2636
2637
2638
2638
2638
2639
2639
2640
2640
2640
2641
2643
2644
2645
2647
2647
2648
2650
2651
2652
2654
2654
2655
2658
2660
2660
2661
2662
2665
2666
2666
2667
2667
2668
2669
2671
2672
2672
2673
2673
2674
2676
2677
2677
2677
2679
2679
2681
2682
2682
2682
2685
2687
2687
2688
2690
2691
2692
2692
2692
2694
2694
2695
2695
2696
2696
2696
2697
2700
2700
2702
2703
2706
2707
2710
2710
2711
2712
2713
2714
2714
2714
2714
2715
2716
2717
2717
2718
2719
2719
2720
2722
2723
2723
2725
2726
2727
2727
2727
2727
2729
2731
2736
2736
2737
2738
2738
2738
2738
2739
2739
2740
2740
2740
2742
2742
2743
2743
2744
2744
2745
2746
2746
2747
2747
2748
2749
2750
2752
2752
2752
2754
2755
2756
2756
2757
2758
2759
2760
2760
2761
2762
2766
2766
2766
2767
2767
2767
2768
2768
2769
2775
2776
2776
2777
2777
2778
2782
2783
2783
2783
2784
2786
2789
2789
2790
2790
2792
2794
2797
2800
2800
2802
2803
2803
2805
2809
2810
2810
2811
2815
2817
2817
2819
2821
2823
2828
2829
2830
2830
2832
2833
2834
2835
2835
2836
2837
2838
2839
2839
2839
2840
2847
2848
2848
2848
2849
2849
2850
2850
2851
2851
2851
2853
2854
2855
2858
2859
2860
2860
2862
2863
2866
2867
2869
2869
2869
2872
2872
2872
2872
2874
2874
2874
2875
2875
2876
2876
2877
2877
2878
2878
2879
2879
2880
2881
2882
2883
2884
2885
2886
2888
2888
2889
2890
2892
2892
2893
2893
2894
2895
2896
2898
2898
2899
2900
2901
2901
2901
2904
2904
2905
2906
2907
2909
2910
2911
2911
2911
2912
2913
2914
2915
2916
2916
2916
2920
2921
2922
2922
2924
2925
2926
2928
2929
2929
2931
2932
2933
2934
2934
2936
2937
2937
2937
2938
2938
2938
2940
2940
2942
2942
2943
2946
2947
2947
2949
2951
2952
2953
2954
2955
2957
2957
2959
2959
2959
2959
2960
2961
2961
2961
2963
2964
2964
2966
2967
2967
2968
2969
2969
2969
2971
2972
2973
2973
2973
2974
2974
2974
2974
2976
2979
2979
2980
2980
2982
2984
2985
2986
2987
2987
2987
2988
2993
2993
2994
2994
2996
2997
2998
2999
3000
3000
3000
3002
3003
3003
3003
3004
3005
3006
3006
3006
3006
3007
3009
3009
3009
3010
3013
3013
3014
3014
3015
3016
3018
3018
3018
3019
3019
3019
3019
3022
3023
3024
3025
3025
3027
3027
3027
3029
3030
3030
3033
3036
3039
3041
3041
3042
3043
3044
3044
3044
3044
3045
3046
3046
3047
3047
3048
3049
3049
3049
3050
3051
3052
3053
3054
3054
3054
3055
3056
3068
3068
3069
3069
3070
3071
3072
3072
3072
3074
3075
3076
3078
3078
3079
3079
3080
3083
3084
3086
3086
3087
3088
3089
3089
3089
3090
3090
3093
3094
3095
3096
3097
3099
3101
3101
3102
3104
3108
3109
3110
3111
3111
3112
3114
3114
3120
3121
3122
3122
3123
3123
3124
3124
3125
3128
3128
3128
3129
3129
3131
3132
3132
3133
3134
3135
3135
3136
3136
3139
3139
3142
3143
3144
3144
3146
3146
3146
3147
3147
3148
3150
3154
3154
3155
3157
3157
3157
3157
3159
3159
3160
3160
3160
3160
3163
3163
3165
3166
3166
3166
3166
3166
3167
3172
3173
3174
3174
3175
3176
3177
3179
3179
3180
3181
3182
3182
3182
3183
3183
3185
3188
3188
3188
3190
3191
3192
3192
3193
3193
3194
3194
3194
3196
3196
3197
3198
3199
3200
3202
3202
3205
3205
3207
3207
3208
3209
3212
3212
3216
3222
3223
3224
3225
3225
3226
3227
3227
3227
3228
3229
3233
3235
3235
3236
3236
3238
3238
3239
3239
3243
3244
3244
3245
3245
3246
3246
3247
3247
3248
3249
3250
3251
3251
3252
3252
3254
3254
3254
3254
3256
3257
3258
3258
3258
3258
3259
3261
3262
3262
3263
3266
3266
3267
3268
3268
3268
3269
3270
3270
3271
3273
3273
3274
3275
3275
3276
3276
3276
3278
3280
3280
3282
3282
3286
3286
3286
3287
3288
3289
3289
3289
3290
3291
3291
3294
3296
3297
3297
3298
3299
3301
3301
3305
3306
3306
3306
3306
3307
3307
3310
3313
3313
3315
3315
3315
3318
3321
3322
3322
3322
3322
3322
3324
3324
3326
3327
3327
3328
3330
3330
3330
3331
3333
3334
3337
3337
3338
3338
3339
3339
3340
3340
3342
3342
3344
3349
3349
3350
3350
3351
3352
3352
3353
3354
3355
3357
3358
3360
3361
3362
3363
3363
3364
3364
3365
3365
3366
3367
3367
3370
3371
3372
3373
3376
3376
3377
3378
3380
3381
3384
3384
3385
3386
3387
3388
3388
3388
3391
3392
3393
3394
3394
3394
3395
3395
3396
3396
3397
3397
3398
3398
3400
3400
3400
3404
3406
3406
3406
3407
3407
3409
3413
3414
3414
3414
3415
3415
3420
3420
3420
3421
3424
3424
3426
3428
3428
3428
3433
3434
3434
3435
3435
3436
3436
3437
3437
3443
3446
3447
3449
3450
3455
3455
3455
3456
3456
3456
3457
3458
3459
3459
3459
3459
3459
3460
3462
3463
3463
3464
3465
3465
3466
3466
3466
3467
3468
3468
3470
3470
3473
3473
3475
3475
3479
3481
3482
3482
3483
3484
3485
3486
3486
3487
3488
3488
3490
3492
3495
3497
3497
3498
3498
3499
3500
3500
3501
3503
3506
3507
3509
3509
3509
3512
3512
3513
3514
3515
3515
3516
3517
3518
3521
3521
3522
3523
3525
3527
3527
3528
3528
3529
3529
3529
3536
3536
3537
3540
3541
3541
3542
3542
3542
3543
3543
3544
3545
3545
3546
3547
3548
3548
3551
3551
3554
3556
3556
3557
3557
3559
3559
3559
3561
3563
3564
3564
3565
3566
3568
3568
3570
3573
3574
3577
3579
3579
3580
3582
3584
3584
3585
3586
3590
3591
3596
3596
3599
3600
3600
3601
3601
3601
3601
3601
3605
3606
3608
3609
3610
3610
3611
3612
3613
3613
3614
3614
3615
3615
3615
3615
3616
3616
3618
3618
3620
3620
3621
3622
3623
3623
3624
3625
3626
3627
3627
3630
3630
3630
3631
3633
3635
3635
3636
3637
3638
3639
3639
3640
3640
3642
3644
3644
3644
3644
3647
3648
3651
3652
3653
3654
3657
3658
3660
3660
3661
3661
3661
3663
3663
3664
3665
3665
3666
3668
3668
3669
3669
3672
3673
3674
3674
3675
3678
3678
3679
3679
3680
3680
3681
3683
3684
3685
3685
3686
3687
3688
3688
3689
3691
3691
3694
3694
3694
3695
3698
3698
3698
3701
3702
3704
3705
3705
3707
3707
3708
3709
3710
3711
3712
3713
3713
3714
3714
3716
3717
3717
3717
3718
3718
3718
3718
3720
3722
3722
3723
3723
3724
3728
3729
3729
3729
3730
3730
3730
3731
3731
3733
3735
3737
3738
3739
3743
3743
3745
3747
3750
3751
3752
3755
3755
3755
3756
3757
3758
3759
3761
3761
3762
3765
3765
3767
3768
3768
3768
3769
3769
3774
3774
3775
3775
3775
3775
3776
3777
3778
3781
3782
3782
3783
3785
3786
3787
3788
3788
3789
3790
3790
3793
3793
3794
3797
3798
3800
3801
3802
3805
3808
3809
3809
3811
3812
3813
3813
3814
3814
3815
3816
3817
3817
3817
3818
3819
3820
3821
3822
3824
3824
3825
3826
3827
3827
3831
3831
3832
3836
3836
3837
3838
3838
3838
3840
3841
3842
3843
3843
3844
3845
3847
3847
3847
3847
3848
3848
3848
3849
3849
3850
3852
3852
3854
3854
3854
3854
3855
3855
3855
3857
3857
3859
3859
3861
3861
3863
3863
3865
3865
3867
3867
3868
3871
3872
3874
3874
3875
3875
3875
3877
3877
3877
3878
3879
3879
3880
3880
3880
3882
3883
3883
3884
3884
3886
3887
3889
3890
3891
3893
3894
3895
3896
3897
3897
3897
3899
3899
3900
3901
3902
3903
3905
3906
3907
3908
3909
3911
3911
3912
3915
3915
3915
3916
3919
3920
3921
3922
3928
3928
3929
3930
3931
3931
3931
3933
3934
3935
3939
3940
3941
3942
3942
3942
3942
3942
3942
3942
3942
3944
3947
3947
3949
3949
3950
3950
3950
3950
3952
3952
3953
3954
3954
3954
3954
3956
3956
3957
3958
3959
3960
3961
3962
3964
3964
3966
3966
3968
3968
3968
3969
3971
3974
3975
3976
3977
3977
3978
3978
3980
3980
3982
3983
3988
3988
3989
3989
3989
3989
3991
3991
3991
3992
3994
3995
3996
3997
3997
3998
3999
4001
4002
4002
4002
4003
4003
4004
4004
4005
4006
4008
4008
4008
4009
4011
4012
4012
4013
4015
4017
4017
4019
4019
4020
4020
4020
4022
4025
4025
4026
4027
4028
4032
4033
4034
4035
4035
4036
4036
4036
4036
4036
4037
4038
4039
4039
4040
4040
4043
4043
4043
4043
4044
4045
4048
4049
4051
4051
4052
4052
4052
4054
4054
4055
4057
4057
4059
4061
4062
4063
4064
4065
4066
4067
4070
4071
4074
4076
4077
4077
4077
4078
4078
4078
4079
4079
4080
4080
4080
4082
4082
4084
4086
4086
4086
4087
4087
4088
4089
4090
4090
4090
4090
4091
4092
4095
4096
4096
4098
4098
4098
4098
4100
4102
4102
4103
4104
4106
4110
4110
4110
4111
4112
4113
4113
4114
4117
4118
4119
4120
4120
4121
4125
4125
4130
4131
4131
4134
4136
4136
4136
4139
4141
4141
4143
4143
4144
4145
4146
4146
4148
4149
4152
4153
4153
4154
4155
4157
4157
4158
4159
4160
4160
4161
4161
4165
4167
4167
4168
4170
4170
4171
4172
4174
4175
4176
4178
4178
4179
4180
4181
4181
4182
4183
4187
4189
4189
4190
4191
4191
4193
4195
4195
4198
4198
4199
4199
4200
4201
4203
4204
4207
4207
4210
4213
4213
4220
4221
4221
4221
4222
4223
4224
4225
4226
4226
4228
4232
4234
4235
4237
4238
4238
4238
4241
4244
4244
4244
4245
4246
4249
4251
4252
4254
4255
4255
4255
4257
4257
4259
4261
4261
4262
4262
4262
4263
4263
4263
4264
4265
4267
4267
4267
4268
4269
4270
4271
4273
4274
4277
4277
4283
4285
4286
4286
4286
4288
4294
4295
4298
4301
4302
4304
4304
4305
4305
4308
4308
4308
4309
4309
4310
4311
4312
4313
4313
4315
4317
4319
4320
4320
4320
4324
4325
4325
4326
4327
4329
4331
4331
4333
4336
4337
4339
4340
4340
4341
4343
4344
4344
4345
4348
4348
4348
4349
4349
4349
4351
4351
4355
4356
4356
4357
4358
4358
4358
4358
4359
4363
4365
4365
4366
4367
4367
4367
4370
4370
4373
4375
4376
4377
4377
4379
4379
4379
4381
4382
4382
4382
4383
4384
4385
4385
4385
4385
4386
4388
4391
4391
4392
4393
4395
4395
4396
4396
4397
4398
4399
4401
4402
4402
4402
4403
4404
4404
4406
4406
4406
4406
4409
4409
4409
4412
4412
4413
4414
4414
4417
4419
4421
4422
4424
4425
4426
4426
4427
4429
4430
4430
4433
4435
4437
4439
4439
4440
4440
4440
4441
4442
4442
4443
4445
4447
4448
4451
4452
4452
4453
4455
4456
4458
4458
4459
4460
4461
4461
4464
4466
4467
4467
4468
4470
4471
4471
4472
4473
4473
4474
4477
4477
4485
4485
4486
4488
4490
4492
4493
4494
4495
4496
4497
4499
4501
4502
4502
4502
4502
4502
4503
4504
4505
4507
4509
4509
4509
4510
4512
4512
4513
4516
4516
4519
4520
4520
4521
4521
4524
4525
4525
4525
4526
4526
4526
4528
4528
4528
4529
4530
4530
4531
4531
4532
4533
4533
4533
4535
4535
4536
4536
4536
4537
4539
4540
4540
4542
4543
4544
4544
4545
4545
4546
4546
4547
4548
4549
4549
4551
4552
4556
4556
4557
4558
4559
4559
4561
4562
4563
4566
4566
4567
4568
4569
4569
4571
4573
4574
4575
4575
4575
4575
4576
4576
4579
4579
4580
4581
4581
4582
4583
4584
4584
4585
4586
4586
4586
4586
4587
4587
4588
4588
4589
4589
4591
4592
4593
4593
4594
4598
4600
4600
4601
4602
4604
4604
4604
4604
4607
4607
4610
4611
4611
4611
4612
4613
4613
4615
4615
4616
4619
4619
4619
4620
4621
4622
4622
4622
4623
4623
4623
4623
4623
4623
4624
4626
4626
4628
4629
4630
4631
4634
4634
4635
4639
4640
4642
4643
4643
4644
4645
4645
4645
4646
4646
4649
4649
4650
4652
4654
4654
4655
4655
4655
4657
4658
4658
4658
4659
4661
4662
4662
4664
4664
4666
4668
4668
4670
4672
4672
4673
4676
4676
4676
4676
4678
4679
4680
4680
4682
4683
4685
4686
4688
4689
4689
4691
4692
4692
4693
4693
4695
4695
4695
4696
4697
4698
4700
4702
4703
4703
4703
4707
4708
4709
4709
4709
4711
4711
4712
4712
4712
4713
4716
4716
4717
4719
4719
4722
4723
4723
4725
4725
4725
4727
4727
4728
4729
4730
4730
4730
4732
4732
4733
4733
4736
4737
4737
4737
4738
4743
4743
4744
4744
4744
4748
4749
4749
4750
4751
4754
4755
4756
4758
4758
4759
4759
4762
4762
4764
4765
4766
4766
4769
4770
4771
4772
4773
4776
4776
4777
4777
4777
4778
4780
4780
4781
4783
4784
4785
4788
4789
4789
4790
4790
4791
4791
4791
4793
4794
4795
4796
4796
4797
4800
4803
4805
4805
4807
4808
4809
4809
4811
4812
4812
4812
4815
4816
4819
4820
4821
4822
4823
4823
4823
4824
4825
4826
4826
4827
4827
4828
4828
4828
4830
4831
4834
4837
4838
4840
4842
4843
4845
4845
4846
4847
4848
4849
4854
4854
4857
4857
4858
4859
4861
4861
4864
4864
4864
4865
4866
4868
4869
4870
4870
4870
4872
4875
4880
4881
4881
4881
4881
4884
4884
4885
4887
4890
4890
4891
4893
4894
4895
4895
4896
4896
4897
4897
4898
4899
4900
4900
4901
4901
4902
4903
4903
4904
4905
4906
4909
4912
4912
4915
4916
4916
4922
4922
4924
4925
4925
4926
4926
4926
4927
4927
4928
4931
4931
4932
4933
4940
4942
4943
4943
4944
4945
4947
4947
4948
4949
4949
4950
4951
4951
4951
4952
4954
4955
4958
4959
4960
4963
4963
4964
4965
4965
4965
4965
4966
4970
4970
4971
4974
4975
4975
4975
4976
4977
4977
4977
4978
4978
4981
4984
4987
4987
4987
4987
4987
4987
4988
4988
4988
4989
4989
4989
4990
4993
4994
4994
4996
4999
5000
