1002
1002
1003
1005
1006
1008
1008
1009
1010
1010
1010
1014
1015
1016
1016
1018
1019
1021
1023
1025
1025
1026
1026
1026
1029
1030
1031
1034
1036
1036
1036
1037
1039
1039
1039
1043
1045
1047
1047
1047
1048
1049
1050
1050
1051
1053
1053
1056
1056
1057
1057
1057
1060
1060
1060
1060
1060
1061
1061
1064
1064
1065
1070
1071
1071
1072
1072
1073
1075
1076
1077
1079
1079
1080
1082
1083
1084
1084
1084
1086
1086
1088
1088
1090
1091
1092
1095
1096
1097
1098
1099
1100
1100
1101
1105
1108
1109
1109
1110
1110
1110
1111
1112
1113
1113
1114
1114
1114
1116
1116
1116
1118
1118
1119
1120
1124
1124
1124
1124
1125
1126
1127
1127
1128
1129
1129
1130
1130
1131
1131
1132
1134
1134
1135
1136
1138
1139
1141
1142
1143
1143
1144
1146
1147
1148
1148
1150
1151
1151
1152
1152
1154
1154
1155
1155
1156
1157
1158
1159
1163
1164
1165
1165
1166
1166
1166
1169
1170
1170
1174
1175
1175
1175
1176
1176
1176
1177
1177
1177
1178
1179
1180
1182
1183
1184
1186
1187
1188
1189
1189
1189
1190
1190
1192
1193
1194
1195
1195
1199
1199
1199
1200
1200
1200
1200
1202
1203
1205
1205
1205
1206
1207
1208
1209
1209
1210
1212
1213
1213
1214
1214
1214
1215
1216
1216
1217
1218
1226
1226
1227
1228
1228
1230
1231
1232
1235
1235
1235
1236
1236
1238
1238
1238
1239
1240
1244
1246
1248
1248
1249
1250
1250
1251
1252
1252
1252
1252
1255
1256
1257
1260
1261
1261
1264
1265
1266
1266
1267
1267
1268
1268
1269
1269
1271
1273
1273
1273
1276
1278
1278
1279
1280
1281
1281
1284
1287
1288
1289
1289
1289
1289
1290
1291
1300
1300
1302
1303
1306
1306
1307
1308
1308
1309
1310
1310
1310
1311
1313
1316
1316
1316
1317
1317
1318
1319
1320
1322
1324
1324
1325
1326
1326
1328
1329
1329
1330
1331
1332
1333
1333
1335
1336
1337
1339
1340
1340
1340
1341
1342
1344
1345
1346
1350
1351
1351
1352
1353
1353
1355
1356
1356
1358
1358
1360
1362
1363
1364
1364
1365
1365
1365
1366
1368
1369
1369
1370
1373
1374
1374
1375
1375
1375
1376
1377
1379
1379
1380
1380
1381
1381
1382
1382
1382
1383
1386
1387
1387
1387
1387
1389
1391
1393
1394
1394
1395
1395
1401
1401
1402
1403
1002
1002
1003
1005
1006
1008
1008
1009
1010
1010
1010
1014
1015
1016
1016
1018
1019
1021
1023
1025
1025
1026
1026
1026
1029
1030
1031
1034
1036
1036
1036
1037
1039
1039
1039
1043
1045
1047
1047
1047
1048
1049
1050
1050
1051
1053
1053
1056
1056
1057
1057
1057
1060
1060
1060
1060
1060
1061
1061
1064
1064
1065
1070
1071
1071
1072
1072
1073
1075
1076
1077
1079
1079
1080
1082
1083
1084
1084
1084
1086
1086
1088
1088
1090
1091
1092
1095
1096
1097
1098
1099
1100
1100
1101
1105
1108
1109
1109
1110
1110
1110
1111
1112
1113
1113
1114
1114
1114
1116
1116
1116
1118
1118
1119
1120
1124
1124
1124
1124
1125
1126
1127
1127
1128
1129
1129
1130
1130
1131
1131
1132
1134
1134
1135
1136
1138
1139
1141
1142
1143
1143
1144
1146
1147
1148
1148
1150
1151
1151
1152
1152
1154
1154
1155
1155
1156
1157
1158
1159
1163
1164
1165
1165
1166
1166
1166
1169
1170
1170
1174
1175
1175
1175
1176
1176
1176
1177
1177
1177
1178
1179
1180
1182
1183
1184
1186
1187
1188
1189
1189
1189
1190
1190
1192
1193
1194
1195
1195
1199
1199
1199
1200
1200
1200
1200
1202
1203
1205
1205
1205
1206
1207
1208
1209
1209
1210
1212
1213
1213
1214
1214
1214
1215
1216
1216
1217
1218
1226
1226
1227
1228
1228
1230
1231
1232
1235
1235
1235
1236
1236
1238
1238
1238
1239
1240
1244
1246
1248
1248
1249
1250
1250
1251
1252
1252
1252
1252
1255
1256
1257
1260
1261
1261
1264
1265
1266
1266
1267
1267
1268
1268
1269
1269
1271
1273
1273
1273
1276
1278
1278
1279
1280
1281
1281
1284
1287
1288
1289
1289
1289
1289
1290
1291
1300
1300
1302
1303
1306
1306
1307
1308
1308
1309
1310
1310
1310
1311
1313
1316
1316
1316
1317
1317
1318
1319
1320
1322
1324
1324
1325
1326
1326
1328
1329
1329
1330
1331
1332
1333
1333
1335
1336
1337
1339
1340
1340
1340
1341
1342
1344
1345
1346
1350
1351
1351
1352
1353
1353
1355
1356
1356
1358
1358
1360
1362
1363
1364
1364
1365
1365
1365
1366
1368
1369
1369
1370
1373
1374
1374
1375
1375
1375
1376
1377
1379
1379
1380
1380
1381
1381
1382
1382
1382
1383
1386
1387
1387
1387
1387
1389
1391
1393
1394
1394
1395
1395
1401
1401
1402
1403
1002
1002
1003
1005
1006
1008
1008
1009
1010
1010
1010
1014
1015
1016
1016
1018
1019
1021
1023
1025
1025
1026
1026
1026
1029
1030
1031
1034
1036
1036
1036
1037
1039
1039
1039
1043
1045
1047
1047
1047
1048
1049
1050
1050
1051
1053
1053
1056
1056
1057
1057
1057
1060
1060
1060
1060
1060
1061
1061
1064
1064
1065
1070
1071
1071
1072
1072
1073
1075
1076
1077
1079
1079
1080
1082
1083
1084
1084
1084
1086
1086
1088
1088
1090
1091
1092
1095
1096
1097
1098
1099
1100
1100
1101
1105
1108
1109
1109
1110
1110
1110
1111
1112
1113
1113
1114
1114
1114
1116
1116
1116
1118
1118
1119
1120
1124
1124
1124
1124
1125
1126
1127
1127
1128
1129
1129
1130
1130
1131
1131
1132
1134
1134
1135
1136
1138
1139
1141
1142
1143
1143
1144
1146
1147
1148
1148
1150
1151
1151
1152
1152
1154
1154
1155
1155
1156
1157
1158
1159
1163
1164
1165
1165
1166
1166
1166
1169
1170
1170
1174
1175
1175
1175
1176
1176
1176
1177
1177
1177
1178
1179
1180
1182
1183
1184
1186
1187
1188
1189
1189
1189
1190
1190
1192
1193
1194
1195
1195
1199
1199
1199
1200
1200
1200
1200
1202
1203
1205
1205
1205
1206
1207
1208
1209
1209
1210
1212
1213
1213
1214
1214
1214
1215
1216
1216
1217
1218
1226
1226
1227
1228
1228
1230
1231
1232
1235
1235
1235
1236
1236
1238
1238
1238
1239
1240
1244
1246
1248
1248
1249
1250
1250
1251
1252
1252
1252
1252
1255
1256
1257
1260
1261
1261
1264
1265
1266
1266
1267
1267
1268
1268
1269
1269
1271
1273
1273
1273
1276
1278
1278
1279
1280
1281
1281
1284
1287
1288
1289
1289
1289
1289
1290
1291
1300
1300
1302
1303
1306
1306
1307
1308
1308
1309
1310
1310
1310
1311
1313
1316
1316
1316
1317
1317
1318
1319
1320
1322
1324
1324
1325
1326
1326
1328
1329
1329
1330
1331
1332
1333
1333
1335
1336
1337
1339
1340
1340
1340
1341
1342
1344
1345
1346
1350
1351
1351
1352
1353
1353
1355
1356
1356
1358
1358
1360
1362
1363
1364
1364
1365
1365
1365
1366
1368
1369
1369
1370
1373
1374
1374
1375
1375
1375
1376
1377
1379
1379
1380
1380
1381
1381
1382
1382
1382
1383
1386
1387
1387
1387
1387
1389
1391
1393
1394
1394
1395
1395
1401
1401
1402
1403
1002
1002
1003
1005
1006
1008
1008
1009
1010
1010
1010
1014
1015
1016
1016
1018
1019
1021
1023
1025
1025
1026
1026
1026
1029
1030
1031
1034
1036
1036
1036
1037
1039
1039
1039
1043
1045
1047
1047
1047
1048
1049
1050
1050
1051
1053
1053
1056
1056
1057
1057
1057
1060
1060
1060
1060
1060
1061
1061
1064
1064
1065
1070
1071
1071
1072
1072
1073
1075
1076
1077
1079
1079
1080
1082
1083
1084
1084
1084
1086
1086
1088
1088
1090
1091
1092
1095
1096
1097
1098
1099
1100
1100
1101
1105
1108
1109
1109
1110
1110
1110
1111
1112
1113
1113
1114
1114
1114
1116
1116
1116
1118
1118
1119
1120
1124
1124
1124
1124
1125
1126
1127
1127
1128
1129
1129
1130
1130
1131
1131
1132
1134
1134
1135
1136
1138
1139
1141
1142
1143
1143
1144
1146
1147
1148
1148
1150
1151
1151
1152
1152
1154
1154
1155
1155
1156
1157
1158
1159
1163
1164
1165
1165
1166
1166
1166
1169
1170
1170
1174
1175
1175
1175
1176
1176
1176
1177
1177
1177
1178
1179
1180
1182
1183
1184
1186
1187
1188
1189
1189
1189
1190
1190
1192
1193
1194
1195
1195
1199
1199
1199
1200
1200
1200
1200
1202
1203
1205
1205
1205
1206
1207
1208
1209
1209
1210
1212
1213
1213
1214
1214
1214
1215
1216
1216
1217
1218
1226
1226
1227
1228
1228
1230
1231
1232
1235
1235
1235
1236
1236
1238
1238
1238
1239
1240
1244
1246
1248
1248
1249
1250
1250
1251
1252
1252
1252
1252
1255
1256
1257
1260
1261
1261
1264
1265
1266
1266
1267
1267
1268
1268
1269
1269
1271
1273
1273
1273
1276
1278
1278
1279
1280
1281
1281
1284
1287
1288
1289
1289
1289
1289
1290
1291
1300
1300
1302
1303
1306
1306
1307
1308
1308
1309
1310
1310
1310
1311
1313
1316
1316
1316
1317
1317
1318
1319
1320
1322
1324
1324
1325
1326
1326
1328
1329
1329
1330
1331
1332
1333
1333
1335
1336
1337
1339
1340
1340
1340
1341
1342
1344
1345
1346
1350
1351
1351
1352
1353
1353
1355
1356
1356
1358
1358
1360
1362
1363
1364
1364
1365
1365
1365
1366
1368
1369
1369
1370
1373
1374
1374
1375
1375
1375
1376
1377
1379
1379
1380
1380
1381
1381
1382
1382
1382
1383
1386
1387
1387
1387
1387
1389
1391
1393
1394
1394
1395
1395
1401
1401
1402
1403
1002
1002
1003
1005
1006
1008
1008
1009
1010
1010
1010
1014
1015
1016
1016
1018
1019
1021
1023
1025
1025
1026
1026
1026
1029
1030
1031
1034
1036
1036
1036
1037
1039
1039
1039
1043
1045
1047
1047
1047
1048
1049
1050
1050
1051
1053
1053
1056
1056
1057
1057
1057
1060
1060
1060
1060
1060
1061
1061
1064
1064
1065
1070
1071
1071
1072
1072
1073
1075
1076
1077
1079
1079
1080
1082
1083
1084
1084
1084
1086
1086
1088
1088
1090
1091
1092
1095
1096
1097
1098
1099
1100
1100
1101
1105
1108
1109
1109
1110
1110
1110
1111
1112
1113
1113
1114
1114
1114
1116
1116
1116
1118
1118
1119
1120
1124
1124
1124
1124
1125
1126
1127
1127
1128
1129
1129
1130
1130
1131
1131
1132
1134
1134
1135
1136
1138
1139
1141
1142
1143
1143
1144
1146
1147
1148
1148
1150
1151
1151
1152
1152
1154
1154
1155
1155
1156
1157
1158
1159
1163
1164
1165
1165
1166
1166
1166
1169
1170
1170
1174
1175
1175
1175
1176
1176
1176
1177
1177
1177
1178
1179
1180
1182
1183
1184
1186
1187
1188
1189
1189
1189
1190
1190
1192
1193
1194
1195
1195
1199
1199
1199
1200
1200
1200
1200
1202
1203
1205
1205
1205
1206
1207
1208
1209
1209
1210
1212
1213
1213
1214
1214
1214
1215
1216
1216
1217
1218
1226
1226
1227
1228
1228
1230
1231
1232
1235
1235
1235
1236
1236
1238
1238
1238
1239
1240
1244
1246
1248
1248
1249
1250
1250
1251
1252
1252
1252
1252
1255
1256
1257
1260
1261
1261
1264
1265
1266
1266
1267
1267
1268
1268
1269
1269
1271
1273
1273
1273
1276
1278
1278
1279
1280
1281
1281
1284
1287
1288
1289
1289
1289
1289
1290
1291
1300
1300
1302
1303
1306
1306
1307
1308
1308
1309
1310
1310
1310
1311
1313
1316
1316
1316
1317
1317
1318
1319
1320
1322
1324
1324
1325
1326
1326
1328
1329
1329
1330
1331
1332
1333
1333
1335
1336
1337
1339
1340
1340
1340
1341
1342
1344
1345
1346
1350
1351
1351
1352
1353
1353
1355
1356
1356
1358
1358
1360
1362
1363
1364
1364
1365
1365
1365
1366
1368
1369
1369
1370
1373
1374
1374
1375
1375
1375
1376
1377
1379
1379
1380
1380
1381
1381
1382
1382
1382
1383
1386
1387
1387
1387
1387
1389
1391
1393
1394
1394
1395
1395
1401
1401
1402
1403
1002
1002
1003
1005
1006
1008
1008
1009
1010
1010
1010
1014
1015
1016
1016
1018
1019
1021
1023
1025
1025
1026
1026
1026
1029
1030
1031
1034
1036
1036
1036
1037
1039
1039
1039
1043
1045
1047
1047
1047
1048
1049
1050
1050
1051
1053
1053
1056
1056
1057
1057
1057
1060
1060
1060
1060
1060
1061
1061
1064
1064
1065
1070
1071
1071
1072
1072
1073
1075
1076
1077
1079
1079
1080
1082
1083
1084
1084
1084
1086
1086
1088
1088
1090
1091
1092
1095
1096
1097
1098
1099
1100
1100
1101
1105
1108
1109
1109
1110
1110
1110
1111
1112
1113
1113
1114
1114
1114
1116
1116
1116
1118
1118
1119
1120
1124
1124
1124
1124
1125
1126
1127
1127
1128
1129
1129
1130
1130
1131
1131
1132
1134
1134
1135
1136
1138
1139
1141
1142
1143
1143
1144
1146
1147
1148
1148
1150
1151
1151
1152
1152
1154
1154
1155
1155
1156
1157
1158
1159
1163
1164
1165
1165
1166
1166
1166
1169
1170
1170
1174
1175
1175
1175
1176
1176
1176
1177
1177
1177
1178
1179
1180
1182
1183
1184
1186
1187
1188
1189
1189
1189
1190
1190
1192
1193
1194
1195
1195
1199
1199
1199
1200
1200
1200
1200
1202
1203
1205
1205
1205
1206
1207
1208
1209
1209
1210
1212
1213
1213
1214
1214
1214
1215
1216
1216
1217
1218
1226
1226
1227
1228
1228
1230
1231
1232
1235
1235
1235
1236
1236
1238
1238
1238
1239
1240
1244
1246
1248
1248
1249
1250
1250
1251
1252
1252
1252
1252
1255
1256
1257
1260
1261
1261
1264
1265
1266
1266
1267
1267
1268
1268
1269
1269
1271
1273
1273
1273
1276
1278
1278
1279
1280
1281
1281
1284
1287
1288
1289
1289
1289
1289
1290
1291
1300
1300
1302
1303
1306
1306
1307
1308
1308
1309
1310
1310
1310
1311
1313
1316
1316
1316
1317
1317
1318
1319
1320
1322
1324
1324
1325
1326
1326
1328
1329
1329
1330
1331
1332
1333
1333
1335
1336
1337
1339
1340
1340
1340
1341
1342
1344
1345
1346
1350
1351
1351
1352
1353
1353
1355
1356
1356
1358
1358
1360
1362
1363
1364
1364
1365
1365
1365
1366
1368
1369
1369
1370
1373
1374
1374
1375
1375
1375
1376
1377
1379
1379
1380
1380
1381
1381
1382
1382
1382
1383
1386
1387
1387
1387
1387
1389
1391
1393
1394
1394
1395
1395
1401
1401
1402
1403
1002
1002
1003
1005
1006
1008
1008
1009
1010
1010
1010
1014
1015
1016
1016
1018
1019
1021
1023
1025
1025
1026
1026
1026
1029
1030
1031
1034
1036
1036
1036
1037
1039
1039
1039
1043
1045
1047
1047
1047
1048
1049
1050
1050
1051
1053
1053
1056
1056
1057
1057
1057
1060
1060
1060
1060
1060
1061
1061
1064
1064
1065
1070
1071
1071
1072
1072
1073
1075
1076
1077
1079
1079
1080
1082
1083
1084
1084
1084
1086
1086
1088
1088
1090
1091
1092
1095
1096
1097
1098
1099
1100
1100
1101
1105
1108
1109
1109
1110
1110
1110
1111
1112
1113
1113
1114
1114
1114
1116
1116
1116
1118
1118
1119
1120
1124
1124
1124
1124
1125
1126
1127
1127
1128
1129
1129
1130
1130
1131
1131
1132
1134
1134
1135
1136
1138
1139
1141
1142
1143
1143
1144
1146
1147
1148
1148
1150
1151
1151
1152
1152
1154
1154
1155
1155
1156
1157
1158
1159
1163
1164
1165
1165
1166
1166
1166
1169
1170
1170
1174
1175
1175
1175
1176
1176
1176
1177
1177
1177
1178
1179
1180
1182
1183
1184
1186
1187
1188
1189
1189
1189
1190
1190
1192
1193
1194
1195
1195
1199
1199
1199
1200
1200
1200
1200
1202
1203
1205
1205
1205
1206
1207
1208
1209
1209
1210
1212
1213
1213
1214
1214
1214
1215
1216
1216
1217
1218
1226
1226
1227
1228
1228
1230
1231
1232
1235
1235
1235
1236
1236
1238
1238
1238
1239
1240
1244
1246
1248
1248
1249
1250
1250
1251
1252
1252
1252
1252
1255
1256
1257
1260
1261
1261
1264
1265
1266
1266
1267
1267
1268
1268
1269
1269
1271
1273
1273
1273
1276
1278
1278
1279
1280
1281
1281
1284
1287
1288
1289
1289
1289
1289
1290
1291
1300
1300
1302
1303
1306
1306
1307
1308
1308
1309
1310
1310
1310
1311
1313
1316
1316
1316
1317
1317
1318
1319
1320
1322
1324
1324
1325
1326
1326
1328
1329
1329
1330
1331
1332
1333
1333
1335
1336
1337
1339
1340
1340
1340
1341
1342
1344
1345
1346
1350
1351
1351
1352
1353
1353
1355
1356
1356
1358
1358
1360
1362
1363
1364
1364
1365
1365
1365
1366
1368
1369
1369
1370
1373
1374
1374
1375
1375
1375
1376
1377
1379
1379
1380
1380
1381
1381
1382
1382
1382
1383
1386
1387
1387
1387
1387
1389
1391
1393
1394
1394
1395
1395
1401
1401
1402
1403
1002
1002
1003
1005
1006
1008
1008
1009
1010
1010
1010
1014
1015
1016
1016
1018
1019
1021
1023
1025
1025
1026
1026
1026
1029
1030
1031
1034
1036
1036
1036
1037
1039
1039
1039
1043
1045
1047
1047
1047
1048
1049
1050
1050
1051
1053
1053
1056
1056
1057
1057
1057
1060
1060
1060
1060
1060
1061
1061
1064
1064
1065
1070
1071
1071
1072
1072
1073
1075
1076
1077
1079
1079
1080
1082
1083
1084
1084
1084
1086
1086
1088
1088
1090
1091
1092
1095
1096
1097
1098
1099
1100
1100
1101
1105
1108
1109
1109
1110
1110
1110
1111
1112
1113
1113
1114
1114
1114
1116
1116
1116
1118
1118
1119
1120
1124
1124
1124
1124
1125
1126
1127
1127
1128
1129
1129
1130
1130
1131
1131
1132
1134
1134
1135
1136
1138
1139
1141
1142
1143
1143
1144
1146
1147
1148
1148
1150
1151
1151
1152
1152
1154
1154
1155
1155
1156
1157
1158
1159
1163
1164
1165
1165
1166
1166
1166
1169
1170
1170
1174
1175
1175
1175
1176
1176
1176
1177
1177
1177
1178
1179
1180
1182
1183
1184
1186
1187
1188
1189
1189
1189
1190
1190
1192
1193
1194
1195
1195
1199
1199
1199
1200
1200
1200
1200
1202
1203
1205
1205
1205
1206
1207
1208
1209
1209
1210
1212
1213
1213
1214
1214
1214
1215
1216
1216
1217
1218
1226
1226
1227
1228
1228
1230
1231
1232
1235
1235
1235
1236
1236
1238
1238
1238
1239
1240
1244
1246
1248
1248
1249
1250
1250
1251
1252
1252
1252
1252
1255
1256
1257
1260
1261
1261
1264
1265
1266
1266
1267
1267
1268
1268
1269
1269
1271
1273
1273
1273
1276
1278
1278
1279
1280
1281
1281
1284
1287
1288
1289
1289
1289
1289
1290
1291
1300
1300
1302
1303
1306
1306
1307
1308
1308
1309
1310
1310
1310
1311
1313
1316
1316
1316
1317
1317
1318
1319
1320
1322
1324
1324
1325
1326
1326
1328
1329
1329
1330
1331
1332
1333
1333
1335
1336
1337
1339
1340
1340
1340
1341
1342
1344
1345
1346
1350
1351
1351
1352
1353
1353
1355
1356
1356
1358
1358
1360
1362
1363
1364
1364
1365
1365
1365
1366
1368
1369
1369
1370
1373
1374
1374
1375
1375
1375
1376
1377
1379
1379
1380
1380
1381
1381
1382
1382
1382
1383
1386
1387
1387
1387
1387
1389
1391
1393
1394
1394
1395
1395
1401
1401
1402
1403
1002
1002
1003
1005
1006
1008
1008
1009
1010
1010
1010
1014
1015
1016
1016
1018
1019
1021
1023
1025
1025
1026
1026
1026
1029
1030
1031
1034
1036
1036
1036
1037
1039
1039
1039
1043
1045
1047
1047
1047
1048
1049
1050
1050
1051
1053
1053
1056
1056
1057
1057
1057
1060
1060
1060
1060
1060
1061
1061
1064
1064
1065
1070
1071
1071
1072
1072
1073
1075
1076
1077
1079
1079
1080
1082
1083
1084
1084
1084
1086
1086
1088
1088
1090
1091
1092
1095
1096
1097
1098
1099
1100
1100
1101
1105
1108
1109
1109
1110
1110
1110
1111
1112
1113
1113
1114
1114
1114
1116
1116
1116
1118
1118
1119
1120
1124
1124
1124
1124
1125
1126
1127
1127
1128
1129
1129
1130
1130
1131
1131
1132
1134
1134
1135
1136
1138
1139
1141
1142
1143
1143
1144
1146
1147
1148
1148
1150
1151
1151
1152
1152
1154
1154
1155
1155
1156
1157
1158
1159
1163
1164
1165
1165
1166
1166
1166
1169
1170
1170
1174
1175
1175
1175
1176
1176
1176
1177
1177
1177
1178
1179
1180
1182
1183
1184
1186
1187
1188
1189
1189
1189
1190
1190
1192
1193
1194
1195
1195
1199
1199
1199
1200
1200
1200
1200
1202
1203
1205
1205
1205
1206
1207
1208
1209
1209
1210
1212
1213
1213
1214
1214
1214
1215
1216
1216
1217
1218
1226
1226
1227
1228
1228
1230
1231
1232
1235
1235
1235
1236
1236
1238
1238
1238
1239
1240
1244
1246
1248
1248
1249
1250
1250
1251
1252
1252
1252
1252
1255
1256
1257
1260
1261
1261
1264
1265
1266
1266
1267
1267
1268
1268
1269
1269
1271
1273
1273
1273
1276
1278
1278
1279
1280
1281
1281
1284
1287
1288
1289
1289
1289
1289
1290
1291
1300
1300
1302
1303
1306
1306
1307
1308
1308
1309
1310
1310
1310
1311
1313
1316
1316
1316
1317
1317
1318
1319
1320
1322
1324
1324
1325
1326
1326
1328
1329
1329
1330
1331
1332
1333
1333
1335
1336
1337
1339
1340
1340
1340
1341
1342
1344
1345
1346
1350
1351
1351
1352
1353
1353
1355
1356
1356
1358
1358
1360
1362
1363
1364
1364
1365
1365
1365
1366
1368
1369
1369
1370
1373
1374
1374
1375
1375
1375
1376
1377
1379
1379
1380
1380
1381
1381
1382
1382
1382
1383
1386
1387
1387
1387
1387
1389
1391
1393
1394
1394
1395
1395
1401
1401
1402
1403
1002
1002
1003
1005
1006
1008
1008
1009
1010
1010
1010
1014
1015
1016
1016
1018
1019
1021
1023
1025
1025
1026
1026
1026
1029
1030
1031
1034
1036
1036
1036
1037
1039
1039
1039
1043
1045
1047
1047
1047
1048
1049
1050
1050
1051
1053
1053
1056
1056
1057
1057
1057
1060
1060
1060
1060
1060
1061
1061
1064
1064
1065
1070
1071
1071
1072
1072
1073
1075
1076
1077
1079
1079
1080
1082
1083
1084
1084
1084
1086
1086
1088
1088
1090
1091
1092
1095
1096
1097
1098
1099
1100
1100
1101
1105
1108
1109
1109
1110
1110
1110
1111
1112
1113
1113
1114
1114
1114
1116
1116
1116
1118
1118
1119
1120
1124
1124
1124
1124
1125
1126
1127
1127
1128
1129
1129
1130
1130
1131
1131
1132
1134
1134
1135
1136
1138
1139
1141
1142
1143
1143
1144
1146
1147
1148
1148
1150
1151
1151
1152
1152
1154
1154
1155
1155
1156
1157
1158
1159
1163
1164
1165
1165
1166
1166
1166
1169
1170
1170
1174
1175
1175
1175
1176
1176
1176
1177
1177
1177
1178
1179
1180
1182
1183
1184
1186
1187
1188
1189
1189
1189
1190
1190
1192
1193
1194
1195
1195
1199
1199
1199
1200
1200
1200
1200
1202
1203
1205
1205
1205
1206
1207
1208
1209
1209
1210
1212
1213
1213
1214
1214
1214
1215
1216
1216
1217
1218
1226
1226
1227
1228
1228
1230
1231
1232
1235
1235
1235
1236
1236
1238
1238
1238
1239
1240
1244
1246
1248
1248
1249
1250
1250
1251
1252
1252
1252
1252
1255
1256
1257
1260
1261
1261
1264
1265
1266
1266
1267
1267
1268
1268
1269
1269
1271
1273
1273
1273
1276
1278
1278
1279
1280
1281
1281
1284
1287
1288
1289
1289
1289
1289
1290
1291
1300
1300
1302
1303
1306
1306
1307
1308
1308
1309
1310
1310
1310
1311
1313
1316
1316
1316
1317
1317
1318
1319
1320
1322
1324
1324
1325
1326
1326
1328
1329
1329
1330
1331
1332
1333
1333
1335
1336
1337
1339
1340
1340
1340
1341
1342
1344
1345
1346
1350
1351
1351
1352
1353
1353
1355
1356
1356
1358
1358
1360
1362
1363
1364
1364
1365
1365
1365
1366
1368
1369
1369
1370
1373
1374
1374
1375
1375
1375
1376
1377
1379
1379
1380
1380
1381
1381
1382
1382
1382
1383
1386
1387
1387
1387
1387
1389
1391
1393
1394
1394
1395
1395
1401
1401
1402
1403
