5000
4999
4996
4994
4994
4993
4990
4989
4989
4989
4988
4988
4988
4987
4987
4987
4987
4987
4987
4984
4981
4978
4978
4977
4977
4977
4976
4975
4975
4975
4974
4971
4970
4970
4966
4965
4965
4965
4965
4964
4963
4963
4960
4959
4958
4955
4954
4952
4951
4951
4951
4950
4949
4949
4948
4947
4947
4945
4944
4943
4943
4942
4940
4933
4932
4931
4931
4928
4927
4927
4926
4926
4926
4925
4925
4924
4922
4922
4916
4916
4915
4912
4912
4909
4906
4905
4904
4903
4903
4902
4901
4901
4900
4900
4899
4898
4897
4897
4896
4896
4895
4895
4894
4893
4891
4890
4890
4887
4885
4884
4884
4881
4881
4881
4881
4880
4875
4872
4870
4870
4870
4869
4868
4866
4865
4864
4864
4864
4861
4861
4859
4858
4857
4857
4854
4854
4849
4848
4847
4846
4845
4845
4843
4842
4840
4838
4837
4834
4831
4830
4828
4828
4828
4827
4827
4826
4826
4825
4824
4823
4823
4823
4822
4821
4820
4819
4816
4815
4812
4812
4812
4811
4809
4809
4808
4807
4805
4805
4803
4800
4797
4796
4796
4795
4794
4793
4791
4791
4791
4790
4790
4789
4789
4788
4785
4784
4783
4781
4780
4780
4778
4777
4777
4777
4776
4776
4773
4772
4771
4770
4769
4766
4766
4765
4764
4762
4762
4759
4759
4758
4758
4756
4755
4754
4751
4750
4749
4749
4748
4744
4744
4744
4743
4743
4738
4737
4737
4737
4736
4733
4733
4732
4732
4730
4730
4730
4729
4728
4727
4727
4725
4725
4725
4723
4723
4722
4719
4719
4717
4716
4716
4713
4712
4712
4712
4711
4711
4709
4709
4709
4708
4707
4703
4703
4703
4702
4700
4698
4697
4696
4695
4695
4695
4693
4693
4692
4692
4691
4689
4689
4688
4686
4685
4683
4682
4680
4680
4679
4678
4676
4676
4676
4676
4673
4672
4672
4670
4668
4668
4666
4664
4664
4662
4662
4661
4659
4658
4658
4658
4657
4655
4655
4655
4654
4654
4652
4650
4649
4649
4646
4646
4645
4645
4645
4644
4643
4643
4642
4640
4639
4635
4634
4634
4631
4630
4629
4628
4626
4626
4624
4623
4623
4623
4623
4623
4623
4622
4622
4622
4621
4620
4619
4619
4619
4616
4615
4615
4613
4613
4612
4611
4611
4611
4610
4607
4607
4604
4604
4604
4604
4602
4601
4600
4600
4598
4594
4593
4593
4592
4591
4589
4589
4588
4588
4587
4587
4586
4586
4586
4586
4585
4584
4584
4583
4582
4581
4581
4580
4579
4579
4576
4576
4575
4575
4575
4575
4574
4573
4571
4569
4569
4568
4567
4566
4566
4563
4562
4561
4559
4559
4558
4557
4556
4556
4552
4551
4549
4549
4548
4547
4546
4546
4545
4545
4544
4544
4543
4542
4540
4540
4539
4537
4536
4536
4536
4535
4535
4533
4533
4533
4532
4531
4531
4530
4530
4529
4528
4528
4528
4526
4526
4526
4525
4525
4525
4524
4521
4521
4520
4520
4519
4516
4516
4513
4512
4512
4510
4509
4509
4509
4507
4505
4504
4503
4502
4502
4502
4502
4502
4501
4499
4497
4496
4495
4494
4493
4492
4490
4488
4486
4485
4485
4477
4477
4474
4473
4473
4472
4471
4471
4470
4468
4467
4467
4466
4464
4461
4461
4460
4459
4458
4458
4456
4455
4453
4452
4452
4451
4448
4447
4445
4443
4442
4442
4441
4440
4440
4440
4439
4439
4437
4435
4433
4430
4430
4429
4427
4426
4426
4425
4424
4422
4421
4419
4417
4414
4414
4413
4412
4412
4409
4409
4409
4406
4406
4406
4406
4404
4404
4403
4402
4402
4402
4401
4399
4398
4397
4396
4396
4395
4395
4393
4392
4391
4391
4388
4386
4385
4385
4385
4385
4384
4383
4382
4382
4382
4381
4379
4379
4379
4377
4377
4376
4375
4373
4370
4370
4367
4367
4367
4366
4365
4365
4363
4359
4358
4358
4358
4358
4357
4356
4356
4355
4351
4351
4349
4349
4349
4348
4348
4348
4345
4344
4344
4343
4341
4340
4340
4339
4337
4336
4333
4331
4331
4329
4327
4326
4325
4325
4324
4320
4320
4320
4319
4317
4315
4313
4313
4312
4311
4310
4309
4309
4308
4308
4308
4305
4305
4304
4304
4302
4301
4298
4295
4294
4288
4286
4286
4286
4285
4283
4277
4277
4274
4273
4271
4270
4269
4268
4267
4267
4267
4265
4264
4263
4263
4263
4262
4262
4262
4261
4261
4259
4257
4257
4255
4255
4255
4254
4252
4251
4249
4246
4245
4244
4244
4244
4241
4238
4238
4238
4237
4235
4234
4232
4228
4226
4226
4225
4224
4223
4222
4221
4221
4221
4220
4213
4213
4210
4207
4207
4204
4203
4201
4200
4199
4199
4198
4198
4195
4195
4193
4191
4191
4190
4189
4189
4187
4183
4182
4181
4181
4180
4179
4178
4178
4176
4175
4174
4172
4171
4170
4170
4168
4167
4167
4165
4161
4161
4160
4160
4159
4158
4157
4157
4155
4154
4153
4153
4152
4149
4148
4146
4146
4145
4144
4143
4143
4141
4141
4139
4136
4136
4136
4134
4131
4131
4130
4125
4125
4121
4120
4120
4119
4118
4117
4114
4113
4113
4112
4111
4110
4110
4110
4106
4104
4103
4102
4102
4100
4098
4098
4098
4098
4096
4096
4095
4092
4091
4090
4090
4090
4090
4089
4088
4087
4087
4086
4086
4086
4084
4082
4082
4080
4080
4080
4079
4079
4078
4078
4078
4077
4077
4077
4076
4074
4071
4070
4067
4066
4065
4064
4063
4062
4061
4059
4057
4057
4055
4054
4054
4052
4052
4052
4051
4051
4049
4048
4045
4044
4043
4043
4043
4043
4040
4040
4039
4039
4038
4037
4036
4036
4036
4036
4036
4035
4035
4034
4033
4032
4028
4027
4026
4025
4025
4022
4020
4020
4020
4019
4019
4017
4017
4015
4013
4012
4012
4011
4009
4008
4008
4008
4006
4005
4004
4004
4003
4003
4002
4002
4002
4001
3999
3998
3997
3997
3996
3995
3994
3992
3991
3991
3991
3989
3989
3989
3989
3988
3988
3983
3982
3980
3980
3978
3978
3977
3977
3976
3975
3974
3971
3969
3968
3968
3968
3966
3966
3964
3964
3962
3961
3960
3959
3958
3957
3956
3956
3954
3954
3954
3954
3953
3952
3952
3950
3950
3950
3950
3949
3949
3947
3947
3944
3942
3942
3942
3942
3942
3942
3942
3942
3941
3940
3939
3935
3934
3933
3931
3931
3931
3930
3929
3928
3928
3922
3921
3920
3919
3916
3915
3915
3915
3912
3911
3911
3909
3908
3907
3906
3905
3903
3902
3901
3900
3899
3899
3897
3897
3897
3896
3895
3894
3893
3891
3890
3889
3887
3886
3884
3884
3883
3883
3882
3880
3880
3880
3879
3879
3878
3877
3877
3877
3875
3875
3875
3874
3874
3872
3871
3868
3867
3867
3865
3865
3863
3863
3861
3861
3859
3859
3857
3857
3855
3855
3855
3854
3854
3854
3854
3852
3852
3850
3849
3849
3848
3848
3848
3847
3847
3847
3847
3845
3844
3843
3843
3842
3841
3840
3838
3838
3838
3837
3836
3836
3832
3831
3831
3827
3827
3826
3825
3824
3824
3822
3821
3820
3819
3818
3817
3817
3817
3816
3815
3814
3814
3813
3813
3812
3811
3809
3809
3808
3805
3802
3801
3800
3798
3797
3794
3793
3793
3790
3790
3789
3788
3788
3787
3786
3785
3783
3782
3782
3781
3778
3777
3776
3775
3775
3775
3775
3774
3774
3769
3769
3768
3768
3768
3767
3765
3765
3762
3761
3761
3759
3758
3757
3756
3755
3755
3755
3752
3751
3750
3747
3745
3743
3743
3739
3738
3737
3735
3733
3731
3731
3730
3730
3730
3729
3729
3729
3728
3724
3723
3723
3722
3722
3720
3718
3718
3718
3718
3717
3717
3717
3716
3714
3714
3713
3713
3712
3711
3710
3709
3708
3707
3707
3705
3705
3704
3702
3701
3698
3698
3698
3695
3694
3694
3694
3691
3691
3689
3688
3688
3687
3686
3685
3685
3684
3683
3681
3680
3680
3679
3679
3678
3678
3675
3674
3674
3673
3672
3669
3669
3668
3668
3666
3665
3665
3664
3663
3663
3661
3661
3661
3660
3660
3658
3657
3654
3653
3652
3651
3648
3647
3644
3644
3644
3644
3642
3640
3640
3639
3639
3638
3637
3636
3635
3635
3633
3631
3630
3630
3630
3627
3627
3626
3625
3624
3623
3623
3622
3621
3620
3620
3618
3618
3616
3616
3615
3615
3615
3615
3614
3614
3613
3613
3612
3611
3610
3610
3609
3608
3606
3605
3601
3601
3601
3601
3601
3600
3600
3599
3596
3596
3591
3590
3586
3585
3584
3584
3582
3580
3579
3579
3577
3574
3573
3570
3568
3568
3566
3565
3564
3564
3563
3561
3559
3559
3559
3557
3557
3556
3556
3554
3551
3551
3548
3548
3547
3546
3545
3545
3544
3543
3543
3542
3542
3542
3541
3541
3540
3537
3536
3536
3529
3529
3529
3528
3528
3527
3527
3525
3523
3522
3521
3521
3518
3517
3516
3515
3515
3514
3513
3512
3512
3509
3509
3509
3507
3506
3503
3501
3500
3500
3499
3498
3498
3497
3497
3495
3492
3490
3488
3488
3487
3486
3486
3485
3484
3483
3482
3482
3481
3479
3475
3475
3473
3473
3470
3470
3468
3468
3467
3466
3466
3466
3465
3465
3464
3463
3463
3462
3460
3459
3459
3459
3459
3459
3458
3457
3456
3456
3456
3455
3455
3455
3450
3449
3447
3446
3443
3437
3437
3436
3436
3435
3435
3434
3434
3433
3428
3428
3428
3426
3424
3424
3421
3420
3420
3420
3415
3415
3414
3414
3414
3413
3409
3407
3407
3406
3406
3406
3404
3400
3400
3400
3398
3398
3397
3397
3396
3396
3395
3395
3394
3394
3394
3393
3392
3391
3388
3388
3388
3387
3386
3385
3384
3384
3381
3380
3378
3377
3376
3376
3373
3372
3371
3370
3367
3367
3366
3365
3365
3364
3364
3363
3363
3362
3361
3360
3358
3357
3355
3354
3353
3352
3352
3351
3350
3350
3349
3349
3344
3342
3342
3340
3340
3339
3339
3338
3338
3337
3337
3334
3333
3331
3330
3330
3330
3328
3327
3327
3326
3324
3324
3322
3322
3322
3322
3322
3321
3318
3315
3315
3315
3313
3313
3310
3307
3307
3306
3306
3306
3306
3305
3301
3301
3299
3298
3297
3297
3296
3294
3291
3291
3290
3289
3289
3289
3288
3287
3286
3286
3286
3282
3282
3280
3280
3278
3276
3276
3276
3275
3275
3274
3273
3273
3271
3270
3270
3269
3268
3268
3268
3267
3266
3266
3263
3262
3262
3261
3259
3258
3258
3258
3258
3257
3256
3254
3254
3254
3254
3252
3252
3251
3251
3250
3249
3248
3247
3247
3246
3246
3245
3245
3244
3244
3243
3239
3239
3238
3238
3236
3236
3235
3235
3233
3229
3228
3227
3227
3227
3226
3225
3225
3224
3223
3222
3216
3212
3212
3209
3208
3207
3207
3205
3205
3202
3202
3200
3199
3198
3197
3196
3196
3194
3194
3194
3193
3193
3192
3192
3191
3190
3188
3188
3188
3185
3183
3183
3182
3182
3182
3181
3180
3179
3179
3177
3176
3175
3174
3174
3173
3172
3167
3166
3166
3166
3166
3166
3165
3163
3163
3160
3160
3160
3160
3159
3159
3157
3157
3157
3157
3155
3154
3154
3150
3148
3147
3147
3146
3146
3146
3144
3144
3143
3142
3139
3139
3136
3136
3135
3135
3134
3133
3132
3132
3131
3129
3129
3128
3128
3128
3125
3124
3124
3123
3123
3122
3122
3121
3120
3114
3114
3112
3111
3111
3110
3109
3108
3104
3102
3101
3101
3099
3097
3096
3095
3094
3093
3090
3090
3089
3089
3089
3088
3087
3086
3086
3084
3083
3080
3079
3079
3078
3078
3076
3075
3074
3072
3072
3072
3071
3070
3069
3069
3068
3068
3056
3055
3054
3054
3054
3053
3052
3051
3050
3049
3049
3049
3048
3047
3047
3046
3046
3045
3044
3044
3044
3044
3043
3042
3041
3041
3039
3036
3033
3030
3030
3029
3027
3027
3027
3025
3025
3024
3023
3022
3019
3019
3019
3019
3018
3018
3018
3016
3015
3014
3014
3013
3013
3010
3009
3009
3009
3007
3006
3006
3006
3006
3005
3004
3003
3003
3003
3002
3000
3000
3000
2999
2998
2997
2996
2994
2994
2993
2993
2988
2987
2987
2987
2986
2985
2984
2982
2980
2980
2979
2979
2976
2974
2974
2974
2974
2973
2973
2973
2972
2971
2969
2969
2969
2968
2967
2967
2966
2964
2964
2963
2961
2961
2961
2960
2959
2959
2959
2959
2957
2957
2955
2954
2953
2952
2951
2949
2947
2947
2946
2943
2942
2942
2940
2940
2938
2938
2938
2937
2937
2937
2936
2934
2934
2933
2932
2931
2929
2929
2928
2926
2925
2924
2922
2922
2921
2920
2916
2916
2916
2915
2914
2913
2912
2911
2911
2911
2910
2909
2907
2906
2905
2904
2904
2901
2901
2901
2900
2899
2898
2898
2896
2895
2894
2893
2893
2892
2892
2890
2889
2888
2888
2886
2885
2884
2883
2882
2881
2880
2879
2879
2878
2878
2877
2877
2876
2876
2875
2875
2874
2874
2874
2872
2872
2872
2872
2869
2869
2869
2867
2866
2863
2862
2860
2860
2859
2858
2855
2854
2853
2851
2851
2851
2850
2850
2849
2849
2848
2848
2848
2847
2840
2839
2839
2839
2838
2837
2836
2835
2835
2834
2833
2832
2830
2830
2829
2828
2823
2821
2819
2817
2817
2815
2811
2810
2810
2809
2805
2803
2803
2802
2800
2800
2797
2794
2792
2790
2790
2789
2789
2786
2784
2783
2783
2783
2782
2778
2777
2777
2776
2776
2775
2769
2768
2768
2767
2767
2767
2766
2766
2766
2762
2761
2760
2760
2759
2758
2757
2756
2756
2755
2754
2752
2752
2752
2750
2749
2748
2747
2747
2746
2746
2745
2744
2744
2743
2743
2742
2742
2740
2740
2740
2739
2739
2738
2738
2738
2738
2737
2736
2736
2731
2729
2727
2727
2727
2727
2726
2725
2723
2723
2722
2720
2719
2719
2718
2717
2717
2716
2715
2714
2714
2714
2714
2713
2712
2711
2710
2710
2707
2706
2703
2702
2700
2700
2697
2696
2696
2696
2695
2695
2694
2694
2692
2692
2692
2691
2690
2688
2687
2687
2685
2682
2682
2682
2681
2679
2679
2677
2677
2677
2676
2674
2673
2673
2672
2672
2671
2669
2668
2667
2667
2666
2666
2665
2662
2661
2660
2660
2658
2655
2654
2654
2652
2651
2650
2648
2647
2647
2645
2644
2643
2641
2640
2640
2640
2639
2639
2638
2638
2638
2637
2636
2633
2626
2625
2623
2621
2621
2621
2620
2620
2619
2618
2617
2616
2615
2613
2613
2612
2612
2612
2611
2609
2608
2605
2605
2605
2604
2603
2601
2601
2601
2599
2598
2598
2596
2595
2595
2595
2595
2594
2594
2592
2591
2591
2590
2586
2584
2584
2584
2583
2583
2583
2582
2581
2578
2578
2576
2576
2573
2571
2571
2570
2570
2569
2569
2568
2565
2561
2561
2561
2560
2560
2558
2557
2557
2556
2556
2555
2555
2554
2554
2553
2553
2551
2550
2550
2548
2548
2547
2547
2546
2545
2544
2542
2542
2542
2542
2541
2539
2539
2537
2537
2537
2535
2535
2533
2533
2533
2531
2531
2527
2525
2525
2524
2523
2523
2522
2522
2522
2521
2519
2519
2518
2516
2512
2512
2512
2510
2509
2508
2507
2505
2504
2504
2504
2501
2501
2500
2499
2499
2499
2499
2498
2498
2495
2495
2494
2493
2492
2492
2490
2490
2489
2489
2488
2488
2487
2487
2487
2486
2486
2486
2485
2484
2483
2483
2481
2480
2480
2479
2478
2477
2477
2476
2474
2473
2472
2471
2470
2468
2467
2467
2466
2464
2464
2464
2463
2463
2462
2462
2461
2457
2456
2456
2455
2455
2455
2455
2454
2454
2454
2450
2447
2446
2446
2444
2442
2442
2441
2441
2439
2439
2438
2437
2436
2435
2435
2432
2432
2431
2430
2429
2428
2428
2428
2427
2427
2426
2426
2426
2426
2425
2420
2420
2419
2418
2417
2416
2415
2415
2412
2411
2410
2408
2408
2404
2404
2403
2403
2401
2400
2396
2395
2395
2390
2390
2389
2389
2388
2386
2385
2383
2383
2383
2382
2382
2382
2381
2379
2379
2379
2379
2378
2378
2377
2374
2374
2374
2370
2369
2367
2365
2365
2364
2363
2362
2361
2360
2357
2357
2357
2355
2355
2355
2354
2353
2353
2352
2351
2351
2351
2350
2349
2349
2348
2347
2346
2345
2344
2344
2344
2343
2343
2341
2341
2340
2339
2337
2335
2335
2334
2334
2333
2332
2332
2332
2330
2330
2329
2329
2328
2328
2327
2326
2324
2324
2323
2323
2323
2322
2321
2321
2320
2319
2319
2319
2317
2316
2315
2313
2312
2311
2311
2307
2305
2304
2303
2302
2301
2299
2299
2298
2298
2295
2294
2291
2291
2290
2289
2286
2285
2285
2285
2284
2284
2283
2282
2282
2281
2279
2275
2273
2272
2272
2270
2270
2270
2270
2269
2266
2266
2265
2265
2264
2260
2260
2259
2259
2259
2258
2256
2254
2249
2249
2248
2244
2243
2243
2242
2242
2239
2239
2238
2236
2235
2234
2233
2232
2231
2231
2230
2228
2228
2227
2226
2226
2224
2222
2219
2216
2213
2211
2211
2210
2209
2209
2208
2208
2207
2206
2204
2202
2200
2199
2199
2199
2196
2193
2193
2192
2192
2190
2189
2184
2181
2179
2179
2178
2176
2176
2175
2174
2174
2173
2173
2170
2169
2168
2167
2167
2166
2166
2165
2165
2165
2164
2162
2162
2161
2157
2156
2155
2155
2152
2152
2150
2150
2149
2149
2147
2147
2146
2145
2145
2144
2142
2141
2139
2132
2130
2129
2129
2129
2128
2127
2126
2126
2125
2125
2123
2121
2119
2117
2117
2116
2116
2115
2115
2115
2115
2114
2113
2113
2113
2112
2112
2112
2110
2110
2109
2105
2105
2104
2102
2101
2100
2100
2099
2098
2097
2096
2095
2094
2094
2093
2091
2090
2087
2087
2086
2085
2084
2084
2083
2082
2082
2082
2081
2080
2080
2079
2079
2078
2078
2077
2077
2077
2076
2076
2073
2071
2071
2071
2068
2067
2066
2065
2064
2063
2062
2062
2062
2061
2060
2060
2058
2057
2056
2056
2055
2055
2053
2053
2052
2052
2051
2051
2051
2049
2048
2048
2048
2046
2044
2043
2041
2041
2040
2040
2040
2037
2037
2036
2036
2034
2032
2025
2024
2024
2023
2022
2020
2019
2017
2016
2015
2015
2014
2014
2013
2012
2012
2009
2009
2006
2004
2003
2003
2002
2001
2001
2000
2000
1999
1999
1998
1998
1995
1993
1992
1991
1991
1991
1988
1987
1986
1985
1985
1985
1984
1983
1981
1980
1980
1979
1979
1976
1976
1972
1972
1971
1970
1970
1967
1967
1966
1965
1961
1960
1960
1959
1958
1956
1955
1955
1954
1954
1952
1952
1951
1951
1951
1950
1949
1948
1948
1947
1946
1945
1944
1944
1942
1941
1941
1940
1940
1939
1938
1936
1935
1935
1934
1934
1932
1929
1929
1929
1929
1928
1928
1928
1928
1924
1921
1919
1918
1918
1917
1917
1917
1917
1917
1917
1915
1915
1915
1914
1913
1913
1912
1909
1908
1905
1904
1903
1901
1901
1901
1901
1899
1899
1899
1899
1895
1895
1895
1894
1894
1892
1891
1891
1891
1891
1891
1890
1889
1888
1887
1886
1886
1885
1885
1883
1882
1881
1881
1881
1880
1880
1880
1879
1879
1879
1879
1878
1878
1877
1875
1875
1875
1874
1873
1873
1871
1869
1867
1867
1867
1866
1865
1865
1864
1863
1862
1862
1860
1859
1859
1859
1859
1859
1858
1857
1856
1856
1856
1853
1853
1850
1848
1848
1847
1847
1845
1844
1842
1838
1837
1837
1837
1835
1835
1834
1834
1833
1833
1833
1833
1832
1832
1831
1828
1827
1827
1826
1824
1823
1821
1821
1819
1818
1816
1816
1816
1816
1816
1815
1814
1812
1812
1809
1809
1808
1808
1807
1805
1803
1802
1801
1800
1800
1800
1800
1799
1799
1798
1798
1797
1796
1795
1795
1795
1793
1792
1791
1790
1788
1784
1783
1782
1782
1781
1781
1780
1778
1776
1775
1775
1773
1773
1771
1771
1767
1766
1766
1764
1764
1760
1760
1759
1758
1757
1756
1755
1754
1753
1752
1752
1751
1751
1750
1750
1747
1747
1747
1746
1744
1744
1743
1741
1741
1741
1741
1741
1741
1741
1740
1740
1739
1739
1739
1739
1738
1737
1737
1736
1735
1735
1733
1732
1732
1729
1727
1726
1724
1723
1721
1721
1720
1720
1718
1716
1713
1711
1710
1710
1709
1708
1708
1705
1705
1705
1702
1702
1701
1697
1697
1696
1696
1692
1690
1688
1688
1687
1687
1684
1684
1683
1681
1680
1679
1679
1678
1678
1677
1677
1675
1674
1673
1670
1668
1666
1664
1664
1662
1661
1660
1658
1657
1657
1656
1655
1655
1655
1653
1653
1652
1651
1650
1649
1649
1649
1648
1648
1648
1645
1645
1645
1642
1642
1641
1640
1639
1639
1638
1637
1636
1636
1636
1636
1636
1633
1633
1632
1631
1630
1629
1628
1628
1628
1626
1626
1622
1619
1615
1614
1612
1611
1611
1610
1608
1608
1606
1606
1605
1605
1605
1605
1603
1602
1602
1601
1598
1598
1598
1597
1597
1596
1595
1593
1591
1591
1591
1589
1589
1589
1587
1585
1585
1583
1582
1582
1582
1581
1579
1578
1578
1577
1573
1573
1572
1570
1569
1569
1569
1568
1568
1565
1565
1564
1564
1563
1562
1560
1559
1558
1558
1558
1555
1555
1553
1553
1552
1552
1552
1549
1549
1549
1548
1547
1546
1544
1544
1541
1540
1540
1539
1539
1536
1536
1535
1535
1534
1533
1533
1533
1531
1531
1531
1527
1527
1527
1525
1524
1523
1522
1518
1517
1516
1516
1515
1513
1512
1509
1508
1507
1507
1507
1506
1506
1506
1506
1505
1504
1503
1503
1502
1500
1500
1498
1498
1495
1495
1493
1493
1491
1489
1487
1487
1487
1486
1485
1484
1483
1483
1479
1474
1473
1473
1472
1472
1472
1468
1468
1467
1466
1464
1464
1464
1461
1461
1460
1459
1455
1454
1454
1454
1452
1447
1447
1447
1445
1444
1443
1443
1443
1442
1441
1441
1441
1440
1439
1438
1437
1437
1437
1436
1435
1431
1430
1429
1428
1427
1427
1425
1425
1424
1424
1423
1421
1421
1419
1418
1418
1417
1414
1413
1413
1412
1412
1411
1411
1409
1409
1409
1409
1409
1409
1407
1405
1403
1402
1401
1401
1395
1395
1394
1394
1393
1391
1389
1387
1387
1387
1387
1386
1383
1382
1382
1382
1381
1381
1380
1380
1379
1379
1377
1376
1375
1375
1375
1374
1374
1373
1370
1369
1369
1368
1366
1365
1365
1365
1364
1364
1363
1362
1360
1358
1358
1356
1356
1355
1353
1353
1352
1351
1351
1350
1346
1345
1344
1342
1341
1340
1340
1340
1339
1337
1336
1335
1333
1333
1332
1331
1330
1329
1329
1328
1326
1326
1325
1324
1324
1322
1320
1319
1318
1317
1317
1316
1316
1316
1313
1311
1310
1310
1310
1309
1308
1308
1307
1306
1306
1303
1302
1300
1300
1291
1290
1289
1289
1289
1289
1288
1287
1284
1281
1281
1280
1279
1278
1278
1276
1273
1273
1273
1271
1269
1269
1268
1268
1267
1267
1266
1266
1265
1264
1261
1261
1260
1257
1256
1255
1252
1252
1252
1252
1251
1250
1250
1249
1248
1248
1246
1244
1240
1239
1238
1238
1238
1236
1236
1235
1235
1235
1232
1231
1230
1228
1228
1227
1226
1226
1218
1217
1216
1216
1215
1214
1214
1214
1213
1213
1212
1210
1209
1209
1208
1207
1206
1205
1205
1205
1203
1202
1200
1200
1200
1200
1199
1199
1199
1195
1195
1194
1193
1192
1190
1190
1189
1189
1189
1188
1187
1186
1184
1183
1182
1180
1179
1178
1177
1177
1177
1176
1176
1176
1175
1175
1175
1174
1170
1170
1169
1166
1166
1166
1165
1165
1164
1163
1159
1158
1157
1156
1155
1155
1154
1154
1152
1152
1151
1151
1150
1148
1148
1147
1146
1144
1143
1143
1142
1141
1139
1138
1136
1135
1134
1134
1132
1131
1131
1130
1130
1129
1129
1128
1127
1127
1126
1125
1124
1124
1124
1124
1120
1119
1118
1118
1116
1116
1116
1114
1114
1114
1113
1113
1112
1111
1110
1110
1110
1109
1109
1108
1105
1101
1100
1100
1099
1098
1097
1096
1095
1092
1091
1090
1088
1088
1086
1086
1084
1084
1084
1083
1082
1080
1079
1079
1077
1076
1075
1073
1072
1072
1071
1071
1070
1065
1064
1064
1061
1061
1060
1060
1060
1060
1060
1057
1057
1057
1056
1056
1053
1053
1051
1050
1050
1049
1048
1047
1047
1047
1045
1043
1039
1039
1039
1037
1036
1036
1036
1034
1031
1030
1029
1026
1026
1026
1025
1025
1023
1021
1019
1018
1016
1016
1015
1014
1010
1010
1010
1009
1008
1008
1006
1005
1003
1002
1002
