4001
1808
3880
2226
4273
3017
4464
3665
4249
1244
3417
2640
2510
3742
4455
4396
2617
2570
2459
3485
3176
1724
3255
3384
1431
3992
2215
3879
4350
1638
4205
2193
4056
2438
3270
2421
4129
4991
4088
2193
2760
3896
3080
2038
1378
2991
1832
1579
3181
4656
4806
2732
2739
4665
1511
4975
3619
2129
3340
4310
1483
2773
1347
2465
2174
2537
1385
3810
2084
4268
4470
1021
1105
1056
2981
4513
4925
1863
1732
2902
1948
4993
1489
4236
4614
1830
1308
2939
1451
3142
4556
4024
1180
2114
3961
1055
3929
1336
3911
4912
2235
4666
3461
4936
4886
1887
3961
2853
2989
3210
2091
1818
3518
3117
1819
1036
4075
2129
3080
3816
3379
2723
2751
4953
2086
3315
1778
1022
1420
2220
2108
1626
3136
2009
3689
2591
4799
2387
3220
3216
3925
4284
3802
1061
2797
2573
4149
4271
1307
3495
2363
4405
4984
3680
1576
3624
4538
1708
4500
4357
2201
4506
4914
2747
2467
4997
1333
2696
3034
2747
4846
3363
3793
3519
1699
2356
1812
3817
2959
4863
3478
4930
2890
2049
1158
3443
1265
2915
2685
3252
2428
1853
4725
1003
3439
2277
3412
4559
1661
2176
3170
1003
4363
3456
2269
1992
2665
3876
2980
1162
3409
2894
3561
2247
2736
1657
4327
2837
2551
3595
3424
4957
1886
2527
2855
3639
1091
3179
4087
1215
4406
3779
2889
3472
1596
2470
2388
1570
1278
3081
2060
3066
2232
3700
4043
4916
4451
4834
2786
2992
2368
1184
2703
3567
3898
1978
2812
1162
3951
1452
3851
3665
4154
4102
3819
2429
1730
3235
1101
3918
4187
2045
4495
1911
2807
3609
2115
4584
3779
2699
4800
4768
3042
2637
2060
2445
4750
2945
4285
1338
4603
4850
1637
4917
1862
1167
2194
1618
2962
2629
3118
1137
1420
1187
3050
4637
3565
1732
2668
4964
3433
2480
4798
1251
1726
1696
3864
2750
3787
4012
1833
2284
1280
1235
2885
1364
3145
4515
3471
3727
2250
2923
3543
1032
1615
4626
4826
1261
3214
1544
4990
1687
2085
3912
3857
1861
2679
1258
4556
1102
3031
1275
2350
4944
1950
3519
4503
3550
2982
1835
2646
2690
3599
1488
2685
1621
1919
4310
2386
2002
2216
4091
2065
1803
1972
4912
1567
3844
2324
1962
1427
3730
2091
1767
1283
2490
3792
4077
2777
1312
4672
1043
4289
5000
4842
2569
2343
3579
2837
2778
4593
3107
3294
2274
4860
4212
2796
4486
4435
2253
4576
1284
1217
1894
3584
1690
2483
4687
3941
3542
1181
1668
4606
1032
4706
1655
2501
3833
1629
2293
2864
3734
1098
3638
3197
3610
4464
4276
4946
1231
1658
2236
2397
3616
1085
1306
1958
4146
4437
2933
3559
1150
3223
3395
1874
1347
1685
2073
4775
3430
2108
1684
3709
1301
4593
2013
2021
3678
4233
3201
4047
4627
2816
1833
2107
2872
4320
3407
4076
1878
2414
4281
1482
3843
2060
4747
3325
4706
4819
1718
1423
2830
3745
3055
4005
2788
2227
4113
2759
2758
1593
3272
2871
3105
1358
2982
4718
4962
1597
4844
4326
3747
4705
4085
1307
2884
3025
4913
2810
4177
1458
4121
1142
1569
3564
1468
1973
1585
3887
1474
2153
1736
1760
4838
3652
2997
3314
2071
1147
2720
4601
2078
2393
3914
1327
4151
1594
1012
4625
4704
1409
3977
2931
3064
1591
2397
1974
3106
1339
2909
2662
3472
2226
3354
4046
2833
1274
2264
4986
3293
3973
3407
4653
3459
2664
1204
2063
3100
4174
3491
1092
4466
3419
1430
4222
2904
4028
4819
1169
4673
4799
4154
4104
1991
3855
4709
1127
3234
4987
1202
4684
2812
1680
1520
2083
1404
3537
4340
3780
3563
3196
2253
2263
1153
4151
3390
1983
3682
3307
4901
3233
3038
2940
2052
3488
4732
3166
3504
2866
1050
1746
1345
1949
4791
1627
2178
4223
3589
1553
1053
2378
3013
1882
4085
1497
2942
3093
3100
3355
4467
1518
3256
1241
2474
1806
3896
3773
1534
2785
1899
2218
2394
4640
1647
2253
1579
1649
3364
3291
3822
4350
4134
1691
2414
2448
4991
1313
2617
1767
3689
1127
3471
1350
1489
1489
3899
2332
2442
1677
1187
4752
2239
4022
4071
1948
3605
4784
2213
3624
1274
2518
1162
1081
3605
1020
1264
4105
3324
4765
3707
2771
4214
1868
3011
3365
1553
3267
1084
1204
4181
3667
1077
2097
2109
1615
1566
4251
2515
2639
4587
1044
4144
2395
4546
3517
1849
4653
3125
1202
1774
3732
4355
1564
1287
3836
2312
4750
2136
3402
2075
1162
4913
3709
4053
3909
1942
2915
2154
2159
3396
1357
4653
4014
1352
4578
1703
2575
3104
3283
2636
2541
3827
1840
1881
2815
4036
1416
4432
3706
4399
1532
4155
1210
2947
4394
4028
1800
4150
1177
2836
2557
1544
2902
1635
2510
1441
3816
1953
4159
2272
3880
1884
4269
1977
4963
2588
3491
1759
2009
3334
3598
4582
3763
3846
1252
1239
1357
1313
1876
4447
1022
4409
4831
2860
3096
1485
2775
1993
1750
3308
4342
4626
2463
2119
3964
3547
1488
1932
1080
3334
1339
4858
2221
2030
3554
4047
2908
2107
2441
4168
1200
2757
4315
1843
1983
1999
2592
3722
3775
2828
3120
2035
4835
3518
2524
4759
2695
2966
3959
3298
2375
3856
3717
4511
4601
3316
3080
3098
1925
3763
3590
2454
2996
4286
3025
1755
2454
4589
3396
3114
4649
2521
2830
4375
1743
2688
2243
1666
4571
2158
4673
4209
2497
3887
3295
2412
2261
1406
4946
1979
1213
1306
1502
2224
2061
1144
3255
1539
1001
2153
1539
4532
2807
2125
1861
1430
1203
3005
2374
4870
1950
3652
3562
2588
4753
3848
2299
4049
4606
3927
3532
2661
4208
3424
2096
3401
3569
1635
1991
2377
3796
3436
3308
1736
1078
1175
1580
2188
4534
4760
1534
4558
2692
4864
2386
1682
3162
3896
1918
2028
2253
3226
2095
4544
3293
4701
1937
2855
2651
1457
4318
1380
3183
1547
4112
1937
2353
1381
3957
2120
3397
3410
1402
4238
4988
2807
3123
3899
1259
1178
2667
1609
3838
3276
4716
2074
1589
3105
3756
3411
2250
3433
3142
3196
4668
2116
3844
1597
4487
2597
1921
2620
4302
4962
2537
1995
4821
4849
3801
3667
2823
1692
1376
3465
3481
4484
3399
4148
2722
1461
2351
2515
1854
1341
3643
2741
4014
4953
2261
1298
1674
1538
1822
2779
4892
2785
1612
4245
4043
2411
1803
3155
2247
4162
2770
3295
3430
1169
2030
1312
4637
2232
3412
2747
1388
2019
2800
2787
3620
4838
4210
3072
2718
2329
1449
2754
4834
3722
1648
1553
2371
4446
2487
1495
3437
3457
1258
3624
3536
3235
1935
2500
2379
1098
3988
4691
2271
4194
3637
4578
3778
3970
2487
3620
1341
3163
4164
1926
4437
1956
3002
2322
3525
2826
4011
4885
2590
2668
4945
4578
3406
3071
2405
1425
1565
2907
3681
3189
1678
2074
3234
4092
1348
2558
1915
4186
4017
1545
1007
1148
1812
2482
4822
1165
3723
1158
2904
4819
2920
3659
1049
1876
1299
2667
4693
1957
2967
4678
4399
2972
4466
4831
2117
1828
1167
4807
1846
3954
2624
4675
3660
3979
1065
4367
1418
3339
1587
3233
4875
4964
1939
3337
2756
2844
4425
1591
4444
4560
4282
1018
1314
4284
3791
3129
4652
2520
2678
4448
2166
4767
4569
2333
4077
2555
1148
4304
3589
1593
4321
2133
4615
1199
1306
2903
1621
1565
2260
1830
2903
2409
3010
1697
2778
2191
4303
4449
4399
4442
2955
1982
4855
4598
3733
4591
1168
1333
4416
1231
2232
2709
4127
2766
1893
2352
3023
2255
2883
4229
1166
2853
3143
4394
4149
4964
2794
2140
1797
4351
3094
1340
1255
1144
2622
3963
3269
3691
2087
4112
4048
4524
2800
3974
3869
1941
4671
4464
2668
2865
3911
2492
4877
2012
1481
2601
3796
1923
2050
3890
4434
2106
3112
4751
2538
1532
4890
2959
4932
3570
1243
3919
2858
3257
4086
3707
2590
4052
2216
2420
3995
3271
3602
1396
2150
3872
3794
2960
3583
1148
4253
1589
1460
3160
3189
3899
1904
2063
2271
3043
1604
1647
4954
1169
2185
1528
4107
2000
2523
3422
4777
3381
2232
1217
2591
4284
3222
2357
2746
1960
3187
2099
2163
4147
4055
3918
4278
2509
3375
1200
3698
1124
3683
2190
3138
3084
2100
2496
4853
1230
3107
2742
3292
4540
3911
1072
4256
3592
1922
3139
2535
1020
4381
4150
1093
1144
1841
1259
4860
4563
4012
2052
1630
2207
4226
4650
4431
4245
1527
3766
1899
2862
4859
1618
4598
1028
1721
1826
3748
2752
3957
4390
3160
2789
1957
3238
4404
1763
1712
3079
2208
2138
4849
2026
3874
1434
3434
3615
3102
4732
4656
2765
4262
3179
2469
3482
4058
3738
4347
1649
4857
3623
2997
2058
3126
3388
2734
3368
1533
2580
2947
3693
4534
3084
2087
1819
1301
3341
4222
2984
4919
3748
3501
1614
1756
1727
4338
1735
3311
2335
2903
3213
3015
2255
2937
4921
1690
4084
1973
3732
2951
3926
4283
1457
2733
3238
1818
4356
3923
3905
2000
2321
4002
1909
3200
3654
3115
1934
1722
4825
4888
1768
4592
1138
3910
2765
3976
2254
3906
4668
2116
1521
2783
1802
2411
2528
1830
4616
1676
2838
2456
1069
1988
4706
1122
2622
3465
3491
4200
1520
4532
3794
3273
4393
4577
2681
3640
3175
2209
2162
3786
3083
2215
3491
1118
4195
4852
3040
1595
3421
3167
1416
3428
4835
4636
1630
4940
1186
1886
2946
4527
1763
4414
2409
1707
1243
2045
2847
1375
3100
2957
1045
4719
1258
3198
4663
2450
2857
3566
3453
1182
2300
3120
2417
2261
3209
1721
1909
1002
1307
1799
2896
2554
1709
2268
3362
3362
2565
3111
1322
4252
2908
1222
3137
1539
2347
4652
4184
3259
3556
2940
2102
2597
2065
2718
2707
2108
3685
1229
2292
2619
1497
4651
1735
2792
4944
2642
1572
2451
2798
3972
2594
3562
4150
1535
3075
2503
1628
2731
1171
2157
1747
4824
2689
1662
1875
2322
4097
3750
1869
2249
3013
4116
3898
1315
2014
2807
1848
1024
2505
2792
3608
3701
4257
2028
1151
2425
3634
1823
2856
2415
1214
3408
2446
3753
4586
3008
2466
2123
3935
1789
4123
4335
4383
4327
4866
3812
1958
1712
1302
2073
4607
4837
2865
1872
4222
4939
4683
4749
3954
4723
2896
3969
2341
1279
1790
3960
3118
1219
1046
1069
4874
2863
3167
3826
4534
4433
4930
3763
2180
2525
2573
2708
1933
1803
4173
4815
3507
2966
4542
2934
2662
3757
4113
1787
1631
3260
2666
2366
1385
2088
1040
1113
2201
2104
2353
1717
1199
1398
4185
3679
2737
1796
2514
4967
3954
3979
1513
2310
3346
1807
3380
2448
3890
3067
2191
3237
2852
3686
3509
2514
4591
1773
1223
4661
3396
2795
4530
3006
2489
3904
4092
3564
1648
2359
3178
4686
1670
4600
3094
1989
1359
3993
4357
3087
4207
2346
4873
4272
3804
2878
3993
2464
2328
1242
4263
4745
2469
4039
2056
3454
3263
1405
4373
3617
4542
3153
4010
3086
1844
4722
3432
4277
1518
1468
2350
1548
4766
2294
4147
1938
3014
4032
3311
1229
3272
4157
4499
1675
4823
1218
1494
3462
4520
1130
2113
4158
1585
3751
3074
3402
4008
2862
1546
3726
4827
1578
3907
2402
2744
1470
1820
2332
1083
2818
3636
3133
2370
4076
2824
3863
3295
1850
4711
2997
2139
3915
2070
2355
4054
1761
4225
1866
1171
1795
4796
1511
2314
2936
1572
3629
1559
2653
3012
3330
3962
2431
2992
2380
4436
4168
4232
3680
3998
4687
1275
3205
3915
2681
3824
4368
3475
2222
4573
2457
1688
1163
3132
2793
3485
3418
1877
3787
1004
3905
3875
2205
3134
4717
3444
1768
3971
3566
4819
1856
2657
2321
1544
3003
3081
4888
3035
4084
1673
3308
4303
2649
4357
2486
1823
2792
2669
4254
1450
3977
4553
2149
3803
1930
4456
4386
1434
1777
4249
3269
2431
1668
3440
4043
1587
1290
2791
1682
1666
2291
3043
3729
2791
2567
2894
4159
1972
4754
3161
4567
2981
4546
4448
4598
1879
2280
2052
4928
4102
2904
4411
4516
4243
2569
3720
2706
1136
1124
3180
3736
2463
4941
4071
4360
4875
2982
2741
1122
1322
1195
4636
1839
3682
2356
1236
3444
1316
2521
3328
2589
3866
4362
4740
2692
3179
2687
1519
3548
3838
4271
2872
3352
3351
1412
2880
2541
2095
3045
1041
2323
1408
1138
3189
3157
4511
1014
1668
3937
2972
3974
2607
2999
3262
2365
3479
2703
3700
4332
4018
4280
1411
4466
3633
1026
1252
1129
1025
1308
4126
4476
1400
1932
2814
2755
3654
1936
1000
4959
2379
4116
3868
1890
2539
4953
3457
4416
2947
1021
4631
3638
3479
4030
4339
1689
3062
2659
3494
4648
4921
2813
4589
2167
3591
1949
2558
2581
1632
1380
2002
2804
3447
4025
4483
4220
1210
4561
2741
4434
4066
2522
3496
1893
1222
1737
2037
2478
4772
2004
3121
3858
1293
3907
1361
1710
2381
3002
2724
1550
3054
3467
1762
1770
4163
3596
2232
1602
4547
4950
2102
3234
3088
4291
4873
4666
4513
3762
1022
3960
4004
3988
4724
3228
4438
2577
1950
1527
2440
4915
2882
4411
4945
2313
3466
3013
3413
3851
2190
3538
2315
3044
3355
1769
1501
2389
3315
4393
4021
2324
1586
1123
3257
1036
4880
4991
1216
1178
1515
4650
3236
2333
3139
1814
4825
1974
3581
2879
2601
4341
1846
2792
3093
3327
4436
2569
2937
1360
4238
4386
2737
2984
1955
3933
2191
4842
4671
3278
1997
2237
1985
2431
1421
2842
4441
2006
2631
3789
2087
4221
3056
4943
3771
1867
1547
2313
1971
3519
1266
4762
2463
4153
4260
1056
1549
1010
2716
1887
1639
3584
1681
2461
2260
4786
1403
4622
2094
1803
4393
1750
1080
4587
1151
4203
4254
3792
3871
1416
3476
3085
3925
4937
1533
2298
1957
1396
2465
4898
3511
3105
1456
3045
2554
3835
4286
3304
3321
2171
3192
4892
3179
4401
1620
2351
1183
4789
3435
3428
1499
3028
3585
1347
3275
4726
3724
1016
4223
3434
3427
4684
3509
1367
2071
4518
2576
2295
1361
2797
4361
1891
3145
1066
3526
3116
3398
2712
1954
3193
3044
4104
3191
1644
1835
1485
3733
4973
1658
3377
4972
2149
1935
1850
3393
3083
3669
1188
4454
3090
1100
2192
1666
4748
1529
2636
2805
4243
3969
2077
4161
4445
3069
4168
4853
4102
2853
1350
4943
1591
3674
4479
1974
2779
2091
2452
3022
4707
4455
4656
1468
3609
2581
1475
1318
1130
2505
2933
3721
3234
1759
2570
4055
3558
2286
2651
2049
2138
3521
4538
3588
3882
3666
3372
1106
2882
2391
4129
4463
4705
3293
2591
3804
3223
2000
4266
4942
3170
1266
3029
1569
4149
4474
3921
2137
1469
1015
3728
4813
3081
4725
4226
3974
4687
3017
1577
2292
2251
1351
2515
1516
2344
4580
3292
4128
4099
2457
1966
2655
3105
3653
3801
3179
4798
4797
2190
4416
3935
2751
2841
4787
2568
2177
3867
4446
1452
1910
1661
4993
4282
4834
4318
3610
2376
3736
4616
1083
2252
3559
3878
3457
2385
2435
4783
3649
4321
4394
1667
3147
2779
4506
3196
3487
3147
2960
3388
4529
2602
4705
3152
4341
4571
1091
1411
2771
2281
4583
2297
2796
3334
4120
4123
2931
4903
3839
1106
3447
2361
2759
4702
3661
2632
1136
4436
3663
2375
1756
3875
2049
1242
2114
2577
1664
3565
4903
1253
4472
1004
2781
4581
1268
2199
4291
3705
2965
1245
1392
4814
3172
3802
3224
2173
3015
2299
3622
4522
4152
4921
2504
3892
2427
1307
1548
2508
3284
1719
1685
3423
3533
3968
2605
3041
2708
1141
4145
1607
2150
2090
3471
2656
4644
2770
1510
2184
3618
4832
4769
3366
4424
3883
1401
1700
1743
4956
3182
2088
2968
1697
3057
3717
4202
2746
2326
3099
3612
1795
2204
3855
4443
2015
2619
2106
3407
1828
2836
3138
2886
2881
1286
2763
1212
2654
2953
1656
2342
3873
4125
2837
3592
1521
3681
1798
1043
2887
2846
1116
4765
1202
3165
3876
4039
1145
3886
2902
1057
3878
2769
2067
2624
4163
3109
2252
3802
1344
2074
4709
2189
1016
2500
4949
4939
2699
1217
1614
1380
3052
2226
4354
2880
2863
3487
3818
3690
4889
1436
4244
4837
3374
3644
1952
3754
3236
3388
1980
1555
2750
3841
3295
4656
2306
2312
2561
4186
2735
3770
2014
1750
3223
4724
4153
2927
1381
1843
1191
3233
4053
1033
1843
2107
1998
1287
3527
3479
1332
2207
4206
1425
4713
4603
2095
4415
3357
3454
2617
1769
4965
3651
4133
2230
2665
4013
4919
3100
3523
1853
1309
4034
3955
2922
1330
4344
3255
3137
4285
3132
3735
3095
3620
2166
1297
3904
3360
1684
1256
2439
1970
3075
4050
4996
3398
4236
2004
2584
4490
3916
3326
2261
1328
4752
4996
2150
3811
3988
4326
1212
3819
2087
1778
2772
4768
3305
4302
3686
3270
2869
2111
4511
1491
3424
2668
3338
1930
2453
2940
4393
3201
4529
1505
2030
3844
1702
3302
1807
3866
2438
1517
1655
2726
1315
2668
1236
3546
3541
4656
1026
1701
1547
4259
1420
1928
2595
4316
2606
3377
1162
4016
2197
2908
1807
3286
4418
4252
4840
3723
2903
3538
2272
4106
2696
4607
4396
2659
4665
2872
2135
2408
4630
2538
2944
3849
2687
2742
1074
1337
4247
3167
2064
2349
1516
4850
3723
1358
1319
3376
2629
3599
1516
1534
3285
4314
3747
4995
2074
3520
4968
3717
4580
3671
2725
4691
2781
2931
3203
2603
3485
3432
1313
4327
4294
4416
4412
2022
3685
3702
1758
2663
3871
2214
4029
3802
4492
3670
1199
3250
1509
2244
3862
4405
4545
2657
1427
1546
2528
1458
1811
4291
3909
4218
1328
3336
4615
3748
3519
3988
1807
3024
1081
2737
3286
2359
2579
2356
2266
2845
1602
1046
1672
4260
4777
1516
2607
1387
1923
4714
2352
1205
1187
4605
3721
3620
3848
1996
3539
4902
1884
1446
2812
2484
2662
3450
4253
1301
4362
3613
1683
4685
3133
4619
1004
1036
4301
4423
1730
3060
2846
2607
2886
1091
4050
1231
3035
4230
1239
2187
1400
2326
1056
4881
4263
3230
2400
3880
4254
1186
4521
3069
4811
1861
4774
1909
2452
2930
3249
3027
2734
4480
1006
1428
1494
1089
3094
3152
3353
2679
1650
2501
2091
1072
3983
3456
2831
1310
2912
4231
4803
1051
1457
4331
2556
4910
2243
1690
4030
1023
2050
4876
4598
3787
4686
3319
4214
2509
4295
4589
4188
4325
4186
3655
1022
3046
4218
1886
2171
1940
3411
3189
3252
4078
4596
3134
1249
1831
1888
2592
3783
2654
2573
2301
2402
1424
1243
4168
3544
3065
3403
4557
3614
2444
2475
1273
3932
1433
4714
1048
1526
3828
1454
3603
3133
3930
4479
3261
3642
3955
4818
2692
4791
1373
3114
4264
2729
1491
2863
2399
2650
3348
1042
3011
4472
3826
2492
1614
2555
4186
4537
3355
3186
1728
4064
4827
2705
4137
3453
4190
3413
4937
4337
1773
4143
1662
2854
3796
4303
4365
4986
3620
4745
2066
3694
3243
3258
4125
4555
4507
1593
3084
1520
3890
1841
4302
3069
3090
4999
3359
1179
1737
3227
1494
1636
3512
1837
2970
3502
2244
2410
4795
3762
3819
3942
2070
2625
3982
2377
2360
3646
4319
4876
3366
2824
3250
2914
2064
1656
1953
1959
1877
4524
3731
1861
3234
2493
1332
1758
3677
2101
2045
1596
1466
3688
3440
1234
1650
4174
3284
2680
2778
4625
2586
2211
2601
1710
3007
4156
3885
3150
3263
2073
4487
4585
4725
3904
3614
3767
4478
3673
2104
1352
2841
4716
1922
1744
3888
3922
2721
3836
1186
1885
2172
3624
2605
4838
4740
3800
2783
1700
3943
4190
2250
1173
2125
2640
1575
2111
3840
4486
2907
2817
1862
3146
3322
4975
3335
4776
2304
1453
3743
1568
3973
3790
4386
3968
1147
4608
3860
2248
3338
3371
3661
2456
4631
2931
1646
1295
4147
1922
4699
2913
1332
2100
1125
2648
4802
4760
1012
2740
4672
1250
2023
1960
2682
3818
4196
1503
2717
1547
4168
4040
2660
2161
2509
2729
3794
3990
3907
1232
1153
1870
4070
1446
3902
1050
1696
4101
3039
4171
4143
1468
3318
3285
4635
4384
3618
1031
2647
3250
4150
2276
2676
4680
4984
4135
1852
3056
4431
2827
4306
2165
1354
1970
3597
1502
2155
1504
1579
1501
3396
3558
1302
3154
4907
2308
2230
4804
4651
1402
1594
3318
3727
2134
4858
4201
2000
1590
4823
2659
3084
3391
2750
4161
3114
2116
3054
4167
2546
4026
1771
2662
2252
3683
2108
3471
1270
3064
4975
2902
1650
3753
3778
3973
4898
4375
4768
2446
4470
4156
2835
4986
4166
1577
4468
2388
2285
2615
1355
4453
1177
3596
1686
2668
4185
3298
1852
2686
1614
2632
3284
3755
1234
4005
2659
3749
1468
2481
3544
1378
4894
2340
3065
2950
3347
1764
2788
1954
3855
1819
4271
4697
4048
1361
4147
3511
4368
4966
2263
3444
2511
3080
1325
1785
1981
2570
3876
3485
4256
2668
4357
3999
2254
1936
2108
1569
2015
4834
2590
3340
3680
1309
2705
2925
1490
4293
3409
3936
3564
2520
4938
1628
3795
2470
4551
1287
1831
3404
3713
2465
1381
1529
1142
2472
1864
3551
3389
1432
2449
1569
4294
3745
1336
2706
2051
1574
3443
1826
2757
4059
1428
2057
3525
3007
4846
3988
3278
4834
2274
3880
4818
1740
3677
2113
4437
2138
2226
4487
3878
2465
4554
4467
3152
4258
4451
3663
1499
4164
1651
1170
3421
4831
2274
2686
2199
3092
3622
1109
2551
3174
3727
2686
2236
4625
1824
3222
3917
4901
4083
3213
1117
2461
1563
1801
3796
2666
1015
4248
3443
4054
4537
3469
2441
1916
1307
3052
3492
4844
2629
2779
4362
3653
1458
2502
2782
1063
2259
3316
4106
3876
2918
3292
1239
3040
4728
4020
2479
3982
3018
1408
3925
4598
2420
3857
1151
4909
4798
1968
4575
1993
1378
3060
1242
2372
1704
1463
3157
4044
2636
1983
4692
4850
3599
3705
2491
2382
1905
1630
4891
2228
3576
1591
2097
2605
3846
1063
4883
1886
2970
4158
1017
2058
2106
4377
3046
4259
3517
1838
1414
3772
3046
2183
4402
3286
4631
3962
1788
2828
3916
2572
1414
2654
4040
4765
4255
4327
2079
4031
1754
2187
3328
1180
3404
4471
3148
3389
4643
4166
4117
4941
1738
4642
4378
1028
3612
4594
1129
2443
2910
2634
2108
2926
2464
1104
2300
3146
3177
3855
4332
4496
3193
2077
4334
3421
4642
2212
4733
1712
2964
2965
4053
4148
1710
2422
2410
4766
3952
4929
2754
3591
4699
4951
2004
3814
2561
1327
3571
4481
4521
2401
1666
1910
2715
4675
4213
4317
4982
3259
4162
4304
2307
1836
3851
3628
4288
2730
2176
3699
1180
2334
3216
2527
4087
2720
2917
4822
4516
4480
2073
1287
3863
3715
1785
3033
2746
3494
4637
1050
1067
2975
2029
4329
1085
4038
2121
3988
4466
2498
4155
1895
1047
2580
3024
3379
4350
3687
1299
4724
3254
2337
3261
2329
3971
1144
2673
2543
2137
4886
3874
4016
2111
2194
2233
2702
2805
1954
2388
1172
4742
2410
4994
2909
3349
4221
3865
1368
4044
1283
4191
3635
1889
3088
1265
4210
1365
2528
1541
4195
4969
3468
2051
2310
3809
1946
2539
3776
1834
1146
3225
1468
2243
1911
1938
1155
4692
2717
3612
4408
3608
1747
1573
4539
2964
4495
2060
1963
4909
1175
4566
2299
3520
1882
4781
2450
3452
3409
2670
1257
4056
4456
2969
4986
2657
3631
3615
3746
2749
4560
4504
4236
4023
4469
1665
1719
2544
4803
1115
4878
1097
1761
4302
1193
2678
1536
1200
2644
4010
2341
3768
2167
4037
3659
2919
2889
1841
3826
2002
4535
3635
3351
3885
4801
3436
1146
4145
2687
1128
1337
4732
4383
3475
2860
2473
3356
2149
2463
1580
1837
1040
4798
4193
3646
2276
1377
1752
2604
3592
2954
3012
1896
4407
2343
1415
4410
1855
2473
4548
3870
2346
1658
1589
2255
4224
2016
3720
3820
1846
4635
4647
3797
3875
1567
2115
2056
3216
4595
4182
4069
4483
1680
4023
2038
4130
2752
4787
4288
1490
2086
3561
4965
4032
2880
3563
2194
1085
2950
3955
1815
3251
4862
2433
3336
4376
4849
3960
1714
2751
3889
1365
2044
3198
2615
2256
4506
3726
1543
2994
4701
3175
1546
3966
4107
3925
4947
4594
2564
3852
1720
4296
3994
4365
2874
1566
4575
4264
3283
3763
3171
2430
4643
2686
1895
1942
3435
4942
3128
4595
2358
3415
2680
1177
4147
3919
4749
2306
1745
2129
1071
1011
1122
1678
3689
4978
1781
3856
2280
2266
2172
2286
1483
3776
1819
1993
4516
1278
1516
2791
2501
1458
4713
2783
3404
2420
1426
4719
2305
3461
1372
4660
1317
2809
3906
2102
4430
4346
1032
4644
2216
2468
2485
2159
1026
4376
4824
3889
3891
3845
4037
1382
2949
3932
4134
4945
1898
2164
4131
1742
3112
2872
3091
4943
3154
2624
3299
4920
4151
4767
4192
2366
3806
2419
2475
3234
4702
3095
4074
4475
4128
4998
2350
3359
2932
2430
2948
2259
2727
4859
1277
2905
3977
4263
1642
4379
1795
3176
1239
1351
1222
1917
2749
1040
1490
3300
4387
3354
1014
4821
1850
2731
2930
1463
1961
3948
2977
1091
2416
4293
4187
3278
3843
2692
2445
3565
1018
1183
3060
4559
2079
1043
2272
4449
2970
1508
4380
2289
3154
4483
4471
1666
4835
2000
2894
4441
3716
3241
1083
1660
1881
4954
1885
2613
1158
2063
2398
3860
4475
1959
4411
2891
4488
2684
2507
2187
2547
4498
2827
1771
1438
3758
1289
1904
1094
1259
3846
3956
4442
2615
3902
3966
3843
3343
3978
4392
4830
2548
4272
1002
1677
4370
4242
2015
4112
1701
1699
4472
3512
3484
1635
2941
3679
2959
3917
1664
4707
2983
2738
2124
4560
3244
1021
1234
4113
1148
4390
4712
4569
1866
4001
1259
4123
2464
4621
3492
4498
1394
2122
4502
1568
3867
1600
1292
1552
3963
3695
3783
3617
1274
2043
3088
3709
1744
1019
4341
2231
3673
1100
3469
2957
2118
2206
1529
1408
1103
1793
3453
4255
2156
3360
4438
1880
3230
1188
3231
1601
4365
4659
4995
4454
2087
2836
1699
2052
1313
1676
2701
3994
4085
2499
2775
1961
2122
4626
4013
1328
4164
2840
3598
3920
3515
2267
1886
4041
3221
4253
4116
1519
3996
1442
3205
1324
4758
3435
3176
2366
4282
1898
3706
2093
3174
2806
2087
1610
4766
4510
3293
1846
3436
1587
1646
1175
3945
2527
3138
2809
4023
1888
4241
2232
3907
2120
3086
4794
3611
2821
2545
1662
4597
1694
3836
2995
4953
3052
3700
3064
2845
2088
4089
2276
3022
2001
1664
3325
2729
2832
1179
3804
3922
1440
4767
3343
3704
4961
1461
4267
4853
3777
4638
4414
4303
4189
2022
3232
1578
1782
4606
3044
1747
1899
2883
4317
1814
1156
4223
2918
4219
2877
1530
4297
2706
1720
3699
2924
2535
2332
1951
3316
4594
4174
1710
4719
2230
4502
1627
4997
1803
1859
3514
2169
4528
2380
1734
3736
1014
1442
1438
1360
4687
3825
2130
3547
3132
1246
4485
1025
4859
4538
2413
4760
4194
3418
3805
1852
4930
1738
2950
3475
4345
4107
3717
3623
2308
2301
1168
2006
1570
1764
3783
4773
1229
1339
3050
1190
4013
3470
2622
1303
1028
3555
4119
4519
1602
2313
4667
3752
3113
1341
3864
3675
2339
4672
3717
3712
2689
4772
3741
4218
4021
3245
3746
4124
1749
3689
2306
1907
2696
1274
1305
2776
4761
4426
1116
3272
3666
2430
4220
1641
1347
1902
3545
1320
2632
4968
4245
4371
3854
4082
4785
1322
2828
3840
2952
4573
2071
3077
1272
1130
4556
4842
4074
1279
1530
1332
1348
1268
3468
3227
3185
1942
3669
3168
3758
1255
2994
2870
2677
4195
2281
1584
3285
1390
4350
4633
4274
2253
1899
3889
1987
4439
2194
2764
3702
2895
3247
3169
4140
3136
4227
3272
1801
3242
1352
1499
4699
4126
3086
2948
1584
1962
1503
2549
4955
4936
3410
4537
3492
4962
2173
2458
3518
2788
2560
3864
3273
1854
2078
2209
2000
1676
1736
4418
3447
3069
3498
1882
2916
2617
2198
1159
1804
3135
1096
3871
2939
4980
1972
4365
3166
1942
3649
2458
4826
3933
1057
1489
3129
3235
3618
1097
1087
3669
2138
3929
2860
4996
1254
1459
3565
4539
1084
3103
4749
2326
2490
2219
1580
1612
1441
4049
4802
4936
1880
2422
4665
1578
4791
1121
1888
3295
4710
2925
3866
2464
4704
4570
3688
4686
3979
3972
4203
4670
3869
2418
4489
2758
2425
4941
2068
4693
1523
2302
3101
3969
3543
2475
4231
3286
4953
3714
1642
2016
3343
4449
3184
2876
4009
4014
2203
4417
1603
2457
3595
4646
2675
1863
2641
1246
4915
3882
4358
1641
3195
1556
1711
3629
3972
1505
3473
2361
1078
4909
1127
2175
2652
2066
3168
3540
1809
1280
3065
1186
4668
2593
4408
3960
4884
3681
2121
4679
2635
2060
1306
4158
3290
1260
4265
3149
4636
3890
3061
3281
3110
2585
4542
3742
1851
2874
4985
4053
3427
3960
2055
2358
2877
2493
2651
1694
3233
4152
2997
3099
4628
2831
3973
2593
3523
1704
4134
2400
2311
2228
2944
4532
1852
2259
3122
2565
4675
3015
2539
4115
4541
1608
4460
2065
2810
2845
1461
1673
2615
1565
2957
4428
1545
2926
4862
3984
2782
2297
3074
4874
1244
2731
2217
4792
3460
2514
4655
2006
4027
1579
2883
2076
3690
1353
4034
1373
1655
1681
3436
3107
1184
4170
3163
2233
3816
1486
3964
1372
3394
1504
1542
2070
3955
3804
2071
4057
1883
4487
4470
1221
1014
2980
2784
2366
1344
1371
2477
4465
1213
1474
2481
1560
2106
2142
1338
1186
2383
2390
1081
3868
2068
3090
2819
2583
4352
1385
1694
1662
1914
2427
1594
2501
3484
2567
2281
3138
2796
4101
3933
4543
1707
3649
2862
4168
4859
3499
2817
1540
3544
2882
2814
2972
2626
1944
3978
2685
3968
2198
3620
3483
4194
4439
4384
3485
2558
4159
3740
3481
4824
3820
3891
2352
2927
1518
2345
4182
1811
4948
3979
4322
2693
1149
2674
1346
2205
2701
