1000
1001
1002
1002
1003
1003
1004
1004
1004
1006
1007
1010
1011
1012
1012
1014
1014
1014
1014
1015
1015
1016
1016
1017
1018
1018
1019
1020
1020
1021
1021
1021
1022
1022
1022
1022
1023
1024
1025
1025
1026
1026
1026
1028
1028
1028
1031
1032
1032
1032
1033
1036
1036
1036
1040
1040
1040
1041
1042
1043
1043
1043
1044
1045
1046
1046
1047
1048
1049
1050
1050
1050
1051
1053
1055
1056
1056
1056
1057
1057
1061
1063
1063
1065
1066
1067
1069
1069
1071
1072
1072
1074
1077
1078
1078
1080
1080
1081
1081
1081
1083
1083
1083
1084
1084
1085
1085
1085
1087
1089
1091
1091
1091
1091
1092
1093
1094
1096
1097
1097
1098
1098
1100
1100
1101
1102
1103
1104
1105
1106
1106
1109
1113
1115
1116
1116
1117
1118
1121
1122
1122
1122
1123
1124
1124
1125
1127
1127
1127
1128
1129
1129
1130
1130
1130
1136
1136
1137
1138
1138
1141
1142
1142
1144
1144
1144
1144
1145
1146
1146
1147
1147
1148
1148
1148
1148
1149
1150
1151
1151
1151
1153
1153
1155
1156
1158
1158
1158
1159
1162
1162
1162
1162
1162
1163
1165
1166
1167
1167
1168
1168
1169
1169
1169
1170
1171
1171
1172
1173
1175
1175
1175
1177
1177
1177
1178
1178
1179
1179
1180
1180
1180
1181
1182
1183
1183
1184
1184
1186
1186
1186
1186
1186
1187
1187
1187
1188
1188
1190
1191
1193
1195
1199
1199
1199
1200
1200
1200
1202
1202
1202
1203
1204
1204
1205
1210
1210
1212
1212
1213
1213
1214
1215
1216
1217
1217
1217
1218
1219
1221
1222
1222
1222
1223
1229
1229
1229
1230
1231
1231
1231
1232
1234
1234
1234
1235
1236
1236
1239
1239
1239
1239
1241
1242
1242
1242
1243
1243
1243
1244
1244
1245
1246
1246
1249
1250
1251
1252
1252
1253
1254
1255
1255
1256
1257
1258
1258
1258
1259
1259
1259
1259
1260
1261
1264
1265
1265
1266
1266
1268
1268
1270
1272
1273
1274
1274
1274
1274
1275
1275
1277
1278
1278
1279
1279
1280
1280
1283
1283
1284
1286
1287
1287
1287
1287
1289
1290
1292
1293
1295
1297
1298
1299
1299
1301
1301
1301
1302
1302
1303
1305
1306
1306
1306
1306
1307
1307
1307
1307
1307
1308
1308
1309
1309
1310
1312
1312
1313
1313
1313
1313
1314
1315
1315
1316
1317
1318
1319
1320
1322
1322
1322
1324
1325
1327
1327
1328
1328
1328
1330
1332
1332
1332
1332
1333
1333
1336
1336
1337
1337
1338
1338
1339
1339
1339
1340
1341
1341
1341
1344
1344
1345
1346
1347
1347
1347
1347
1348
1348
1350
1350
1351
1351
1352
1352
1352
1353
1354
1355
1357
1357
1358
1358
1359
1360
1360
1361
1361
1361
1364
1365
1365
1367
1368
1371
1372
1372
1373
1373
1375
1376
1377
1378
1378
1378
1380
1380
1380
1381
1381
1381
1382
1385
1385
1385
1387
1388
1390
1392
1394
1396
1396
1398
1400
1400
1401
1402
1402
1403
1404
1000
1001
1002
1002
1003
1003
1004
1004
1004
1006
1007
1010
1011
1012
1012
1014
1014
1014
1014
1015
1015
1016
1016
1017
1018
1018
1019
1020
1020
1021
1021
1021
1022
1022
1022
1022
1023
1024
1025
1025
1026
1026
1026
1028
1028
1028
1031
1032
1032
1032
1033
1036
1036
1036
1040
1040
1040
1041
1042
1043
1043
1043
1044
1045
1046
1046
1047
1048
1049
1050
1050
1050
1051
1053
1055
1056
1056
1056
1057
1057
1061
1063
1063
1065
1066
1067
1069
1069
1071
1072
1072
1074
1077
1078
1078
1080
1080
1081
1081
1081
1083
1083
1083
1084
1084
1085
1085
1085
1087
1089
1091
1091
1091
1091
1092
1093
1094
1096
1097
1097
1098
1098
1100
1100
1101
1102
1103
1104
1105
1106
1106
1109
1113
1115
1116
1116
1117
1118
1121
1122
1122
1122
1123
1124
1124
1125
1127
1127
1127
1128
1129
1129
1130
1130
1130
1136
1136
1137
1138
1138
1141
1142
1142
1144
1144
1144
1144
1145
1146
1146
1147
1147
1148
1148
1148
1148
1149
1150
1151
1151
1151
1153
1153
1155
1156
1158
1158
1158
1159
1162
1162
1162
1162
1162
1163
1165
1166
1167
1167
1168
1168
1169
1169
1169
1170
1171
1171
1172
1173
1175
1175
1175
1177
1177
1177
1178
1178
1179
1179
1180
1180
1180
1181
1182
1183
1183
1184
1184
1186
1186
1186
1186
1186
1187
1187
1187
1188
1188
1190
1191
1193
1195
1199
1199
1199
1200
1200
1200
1202
1202
1202
1203
1204
1204
1205
1210
1210
1212
1212
1213
1213
1214
1215
1216
1217
1217
1217
1218
1219
1221
1222
1222
1222
1223
1229
1229
1229
1230
1231
1231
1231
1232
1234
1234
1234
1235
1236
1236
1239
1239
1239
1239
1241
1242
1242
1242
1243
1243
1243
1244
1244
1245
1246
1246
1249
1250
1251
1252
1252
1253
1254
1255
1255
1256
1257
1258
1258
1258
1259
1259
1259
1259
1260
1261
1264
1265
1265
1266
1266
1268
1268
1270
1272
1273
1274
1274
1274
1274
1275
1275
1277
1278
1278
1279
1279
1280
1280
1283
1283
1284
1286
1287
1287
1287
1287
1289
1290
1292
1293
1295
1297
1298
1299
1299
1301
1301
1301
1302
1302
1303
1305
1306
1306
1306
1306
1307
1307
1307
1307
1307
1308
1308
1309
1309
1310
1312
1312
1313
1313
1313
1313
1314
1315
1315
1316
1317
1318
1319
1320
1322
1322
1322
1324
1325
1327
1327
1328
1328
1328
1330
1332
1332
1332
1332
1333
1333
1336
1336
1337
1337
1338
1338
1339
1339
1339
1340
1341
1341
1341
1344
1344
1345
1346
1347
1347
1347
1347
1348
1348
1350
1350
1351
1351
1352
1352
1352
1353
1354
1355
1357
1357
1358
1358
1359
1360
1360
1361
1361
1361
1364
1365
1365
1367
1368
1371
1372
1372
1373
1373
1375
1376
1377
1378
1378
1378
1380
1380
1380
1381
1381
1381
1382
1385
1385
1385
1387
1388
1390
1392
1394
1396
1396
1398
1400
1400
1401
1402
1402
1403
1404
1000
1001
1002
1002
1003
1003
1004
1004
1004
1006
1007
1010
1011
1012
1012
1014
1014
1014
1014
1015
1015
1016
1016
1017
1018
1018
1019
1020
1020
1021
1021
1021
1022
1022
1022
1022
1023
1024
1025
1025
1026
1026
1026
1028
1028
1028
1031
1032
1032
1032
1033
1036
1036
1036
1040
1040
1040
1041
1042
1043
1043
1043
1044
1045
1046
1046
1047
1048
1049
1050
1050
1050
1051
1053
1055
1056
1056
1056
1057
1057
1061
1063
1063
1065
1066
1067
1069
1069
1071
1072
1072
1074
1077
1078
1078
1080
1080
1081
1081
1081
1083
1083
1083
1084
1084
1085
1085
1085
1087
1089
1091
1091
1091
1091
1092
1093
1094
1096
1097
1097
1098
1098
1100
1100
1101
1102
1103
1104
1105
1106
1106
1109
1113
1115
1116
1116
1117
1118
1121
1122
1122
1122
1123
1124
1124
1125
1127
1127
1127
1128
1129
1129
1130
1130
1130
1136
1136
1137
1138
1138
1141
1142
1142
1144
1144
1144
1144
1145
1146
1146
1147
1147
1148
1148
1148
1148
1149
1150
1151
1151
1151
1153
1153
1155
1156
1158
1158
1158
1159
1162
1162
1162
1162
1162
1163
1165
1166
1167
1167
1168
1168
1169
1169
1169
1170
1171
1171
1172
1173
1175
1175
1175
1177
1177
1177
1178
1178
1179
1179
1180
1180
1180
1181
1182
1183
1183
1184
1184
1186
1186
1186
1186
1186
1187
1187
1187
1188
1188
1190
1191
1193
1195
1199
1199
1199
1200
1200
1200
1202
1202
1202
1203
1204
1204
1205
1210
1210
1212
1212
1213
1213
1214
1215
1216
1217
1217
1217
1218
1219
1221
1222
1222
1222
1223
1229
1229
1229
1230
1231
1231
1231
1232
1234
1234
1234
1235
1236
1236
1239
1239
1239
1239
1241
1242
1242
1242
1243
1243
1243
1244
1244
1245
1246
1246
1249
1250
1251
1252
1252
1253
1254
1255
1255
1256
1257
1258
1258
1258
1259
1259
1259
1259
1260
1261
1264
1265
1265
1266
1266
1268
1268
1270
1272
1273
1274
1274
1274
1274
1275
1275
1277
1278
1278
1279
1279
1280
1280
1283
1283
1284
1286
1287
1287
1287
1287
1289
1290
1292
1293
1295
1297
1298
1299
1299
1301
1301
1301
1302
1302
1303
1305
1306
1306
1306
1306
1307
1307
1307
1307
1307
1308
1308
1309
1309
1310
1312
1312
1313
1313
1313
1313
1314
1315
1315
1316
1317
1318
1319
1320
1322
1322
1322
1324
1325
1327
1327
1328
1328
1328
1330
1332
1332
1332
1332
1333
1333
1336
1336
1337
1337
1338
1338
1339
1339
1339
1340
1341
1341
1341
1344
1344
1345
1346
1347
1347
1347
1347
1348
1348
1350
1350
1351
1351
1352
1352
1352
1353
1354
1355
1357
1357
1358
1358
1359
1360
1360
1361
1361
1361
1364
1365
1365
1367
1368
1371
1372
1372
1373
1373
1375
1376
1377
1378
1378
1378
1380
1380
1380
1381
1381
1381
1382
1385
1385
1385
1387
1388
1390
1392
1394
1396
1396
1398
1400
1400
1401
1402
1402
1403
1404
1000
1001
1002
1002
1003
1003
1004
1004
1004
1006
1007
1010
1011
1012
1012
1014
1014
1014
1014
1015
1015
1016
1016
1017
1018
1018
1019
1020
1020
1021
1021
1021
1022
1022
1022
1022
1023
1024
1025
1025
1026
1026
1026
1028
1028
1028
1031
1032
1032
1032
1033
1036
1036
1036
1040
1040
1040
1041
1042
1043
1043
1043
1044
1045
1046
1046
1047
1048
1049
1050
1050
1050
1051
1053
1055
1056
1056
1056
1057
1057
1061
1063
1063
1065
1066
1067
1069
1069
1071
1072
1072
1074
1077
1078
1078
1080
1080
1081
1081
1081
1083
1083
1083
1084
1084
1085
1085
1085
1087
1089
1091
1091
1091
1091
1092
1093
1094
1096
1097
1097
1098
1098
1100
1100
1101
1102
1103
1104
1105
1106
1106
1109
1113
1115
1116
1116
1117
1118
1121
1122
1122
1122
1123
1124
1124
1125
1127
1127
1127
1128
1129
1129
1130
1130
1130
1136
1136
1137
1138
1138
1141
1142
1142
1144
1144
1144
1144
1145
1146
1146
1147
1147
1148
1148
1148
1148
1149
1150
1151
1151
1151
1153
1153
1155
1156
1158
1158
1158
1159
1162
1162
1162
1162
1162
1163
1165
1166
1167
1167
1168
1168
1169
1169
1169
1170
1171
1171
1172
1173
1175
1175
1175
1177
1177
1177
1178
1178
1179
1179
1180
1180
1180
1181
1182
1183
1183
1184
1184
1186
1186
1186
1186
1186
1187
1187
1187
1188
1188
1190
1191
1193
1195
1199
1199
1199
1200
1200
1200
1202
1202
1202
1203
1204
1204
1205
1210
1210
1212
1212
1213
1213
1214
1215
1216
1217
1217
1217
1218
1219
1221
1222
1222
1222
1223
1229
1229
1229
1230
1231
1231
1231
1232
1234
1234
1234
1235
1236
1236
1239
1239
1239
1239
1241
1242
1242
1242
1243
1243
1243
1244
1244
1245
1246
1246
1249
1250
1251
1252
1252
1253
1254
1255
1255
1256
1257
1258
1258
1258
1259
1259
1259
1259
1260
1261
1264
1265
1265
1266
1266
1268
1268
1270
1272
1273
1274
1274
1274
1274
1275
1275
1277
1278
1278
1279
1279
1280
1280
1283
1283
1284
1286
1287
1287
1287
1287
1289
1290
1292
1293
1295
1297
1298
1299
1299
1301
1301
1301
1302
1302
1303
1305
1306
1306
1306
1306
1307
1307
1307
1307
1307
1308
1308
1309
1309
1310
1312
1312
1313
1313
1313
1313
1314
1315
1315
1316
1317
1318
1319
1320
1322
1322
1322
1324
1325
1327
1327
1328
1328
1328
1330
1332
1332
1332
1332
1333
1333
1336
1336
1337
1337
1338
1338
1339
1339
1339
1340
1341
1341
1341
1344
1344
1345
1346
1347
1347
1347
1347
1348
1348
1350
1350
1351
1351
1352
1352
1352
1353
1354
1355
1357
1357
1358
1358
1359
1360
1360
1361
1361
1361
1364
1365
1365
1367
1368
1371
1372
1372
1373
1373
1375
1376
1377
1378
1378
1378
1380
1380
1380
1381
1381
1381
1382
1385
1385
1385
1387
1388
1390
1392
1394
1396
1396
1398
1400
1400
1401
1402
1402
1403
1404
1000
1001
1002
1002
1003
1003
1004
1004
1004
1006
1007
1010
1011
1012
1012
1014
1014
1014
1014
1015
1015
1016
1016
1017
1018
1018
1019
1020
1020
1021
1021
1021
1022
1022
1022
1022
1023
1024
1025
1025
1026
1026
1026
1028
1028
1028
1031
1032
1032
1032
1033
1036
1036
1036
1040
1040
1040
1041
1042
1043
1043
1043
1044
1045
1046
1046
1047
1048
1049
1050
1050
1050
1051
1053
1055
1056
1056
1056
1057
1057
1061
1063
1063
1065
1066
1067
1069
1069
1071
1072
1072
1074
1077
1078
1078
1080
1080
1081
1081
1081
1083
1083
1083
1084
1084
1085
1085
1085
1087
1089
1091
1091
1091
1091
1092
1093
1094
1096
1097
1097
1098
1098
1100
1100
1101
1102
1103
1104
1105
1106
1106
1109
1113
1115
1116
1116
1117
1118
1121
1122
1122
1122
1123
1124
1124
1125
1127
1127
1127
1128
1129
1129
1130
1130
1130
1136
1136
1137
1138
1138
1141
1142
1142
1144
1144
1144
1144
1145
1146
1146
1147
1147
1148
1148
1148
1148
1149
1150
1151
1151
1151
1153
1153
1155
1156
1158
1158
1158
1159
1162
1162
1162
1162
1162
1163
1165
1166
1167
1167
1168
1168
1169
1169
1169
1170
1171
1171
1172
1173
1175
1175
1175
1177
1177
1177
1178
1178
1179
1179
1180
1180
1180
1181
1182
1183
1183
1184
1184
1186
1186
1186
1186
1186
1187
1187
1187
1188
1188
1190
1191
1193
1195
1199
1199
1199
1200
1200
1200
1202
1202
1202
1203
1204
1204
1205
1210
1210
1212
1212
1213
1213
1214
1215
1216
1217
1217
1217
1218
1219
1221
1222
1222
1222
1223
1229
1229
1229
1230
1231
1231
1231
1232
1234
1234
1234
1235
1236
1236
1239
1239
1239
1239
1241
1242
1242
1242
1243
1243
1243
1244
1244
1245
1246
1246
1249
1250
1251
1252
1252
1253
1254
1255
1255
1256
1257
1258
1258
1258
1259
1259
1259
1259
1260
1261
1264
1265
1265
1266
1266
1268
1268
1270
1272
1273
1274
1274
1274
1274
1275
1275
1277
1278
1278
1279
1279
1280
1280
1283
1283
1284
1286
1287
1287
1287
1287
1289
1290
1292
1293
1295
1297
1298
1299
1299
1301
1301
1301
1302
1302
1303
1305
1306
1306
1306
1306
1307
1307
1307
1307
1307
1308
1308
1309
1309
1310
1312
1312
1313
1313
1313
1313
1314
1315
1315
1316
1317
1318
1319
1320
1322
1322
1322
1324
1325
1327
1327
1328
1328
1328
1330
1332
1332
1332
1332
1333
1333
1336
1336
1337
1337
1338
1338
1339
1339
1339
1340
1341
1341
1341
1344
1344
1345
1346
1347
1347
1347
1347
1348
1348
1350
1350
1351
1351
1352
1352
1352
1353
1354
1355
1357
1357
1358
1358
1359
1360
1360
1361
1361
1361
1364
1365
1365
1367
1368
1371
1372
1372
1373
1373
1375
1376
1377
1378
1378
1378
1380
1380
1380
1381
1381
1381
1382
1385
1385
1385
1387
1388
1390
1392
1394
1396
1396
1398
1400
1400
1401
1402
1402
1403
1404
1000
1001
1002
1002
1003
1003
1004
1004
1004
1006
1007
1010
1011
1012
1012
1014
1014
1014
1014
1015
1015
1016
1016
1017
1018
1018
1019
1020
1020
1021
1021
1021
1022
1022
1022
1022
1023
1024
1025
1025
1026
1026
1026
1028
1028
1028
1031
1032
1032
1032
1033
1036
1036
1036
1040
1040
1040
1041
1042
1043
1043
1043
1044
1045
1046
1046
1047
1048
1049
1050
1050
1050
1051
1053
1055
1056
1056
1056
1057
1057
1061
1063
1063
1065
1066
1067
1069
1069
1071
1072
1072
1074
1077
1078
1078
1080
1080
1081
1081
1081
1083
1083
1083
1084
1084
1085
1085
1085
1087
1089
1091
1091
1091
1091
1092
1093
1094
1096
1097
1097
1098
1098
1100
1100
1101
1102
1103
1104
1105
1106
1106
1109
1113
1115
1116
1116
1117
1118
1121
1122
1122
1122
1123
1124
1124
1125
1127
1127
1127
1128
1129
1129
1130
1130
1130
1136
1136
1137
1138
1138
1141
1142
1142
1144
1144
1144
1144
1145
1146
1146
1147
1147
1148
1148
1148
1148
1149
1150
1151
1151
1151
1153
1153
1155
1156
1158
1158
1158
1159
1162
1162
1162
1162
1162
1163
1165
1166
1167
1167
1168
1168
1169
1169
1169
1170
1171
1171
1172
1173
1175
1175
1175
1177
1177
1177
1178
1178
1179
1179
1180
1180
1180
1181
1182
1183
1183
1184
1184
1186
1186
1186
1186
1186
1187
1187
1187
1188
1188
1190
1191
1193
1195
1199
1199
1199
1200
1200
1200
1202
1202
1202
1203
1204
1204
1205
1210
1210
1212
1212
1213
1213
1214
1215
1216
1217
1217
1217
1218
1219
1221
1222
1222
1222
1223
1229
1229
1229
1230
1231
1231
1231
1232
1234
1234
1234
1235
1236
1236
1239
1239
1239
1239
1241
1242
1242
1242
1243
1243
1243
1244
1244
1245
1246
1246
1249
1250
1251
1252
1252
1253
1254
1255
1255
1256
1257
1258
1258
1258
1259
1259
1259
1259
1260
1261
1264
1265
1265
1266
1266
1268
1268
1270
1272
1273
1274
1274
1274
1274
1275
1275
1277
1278
1278
1279
1279
1280
1280
1283
1283
1284
1286
1287
1287
1287
1287
1289
1290
1292
1293
1295
1297
1298
1299
1299
1301
1301
1301
1302
1302
1303
1305
1306
1306
1306
1306
1307
1307
1307
1307
1307
1308
1308
1309
1309
1310
1312
1312
1313
1313
1313
1313
1314
1315
1315
1316
1317
1318
1319
1320
1322
1322
1322
1324
1325
1327
1327
1328
1328
1328
1330
1332
1332
1332
1332
1333
1333
1336
1336
1337
1337
1338
1338
1339
1339
1339
1340
1341
1341
1341
1344
1344
1345
1346
1347
1347
1347
1347
1348
1348
1350
1350
1351
1351
1352
1352
1352
1353
1354
1355
1357
1357
1358
1358
1359
1360
1360
1361
1361
1361
1364
1365
1365
1367
1368
1371
1372
1372
1373
1373
1375
1376
1377
1378
1378
1378
1380
1380
1380
1381
1381
1381
1382
1385
1385
1385
1387
1388
1390
1392
1394
1396
1396
1398
1400
1400
1401
1402
1402
1403
1404
1000
1001
1002
1002
1003
1003
1004
1004
1004
1006
1007
1010
1011
1012
1012
1014
1014
1014
1014
1015
1015
1016
1016
1017
1018
1018
1019
1020
1020
1021
1021
1021
1022
1022
1022
1022
1023
1024
1025
1025
1026
1026
1026
1028
1028
1028
1031
1032
1032
1032
1033
1036
1036
1036
1040
1040
1040
1041
1042
1043
1043
1043
1044
1045
1046
1046
1047
1048
1049
1050
1050
1050
1051
1053
1055
1056
1056
1056
1057
1057
1061
1063
1063
1065
1066
1067
1069
1069
1071
1072
1072
1074
1077
1078
1078
1080
1080
1081
1081
1081
1083
1083
1083
1084
1084
1085
1085
1085
1087
1089
1091
1091
1091
1091
1092
1093
1094
1096
1097
1097
1098
1098
1100
1100
1101
1102
1103
1104
1105
1106
1106
1109
1113
1115
1116
1116
1117
1118
1121
1122
1122
1122
1123
1124
1124
1125
1127
1127
1127
1128
1129
1129
1130
1130
1130
1136
1136
1137
1138
1138
1141
1142
1142
1144
1144
1144
1144
1145
1146
1146
1147
1147
1148
1148
1148
1148
1149
1150
1151
1151
1151
1153
1153
1155
1156
1158
1158
1158
1159
1162
1162
1162
1162
1162
1163
1165
1166
1167
1167
1168
1168
1169
1169
1169
1170
1171
1171
1172
1173
1175
1175
1175
1177
1177
1177
1178
1178
1179
1179
1180
1180
1180
1181
1182
1183
1183
1184
1184
1186
1186
1186
1186
1186
1187
1187
1187
1188
1188
1190
1191
1193
1195
1199
1199
1199
1200
1200
1200
1202
1202
1202
1203
1204
1204
1205
1210
1210
1212
1212
1213
1213
1214
1215
1216
1217
1217
1217
1218
1219
1221
1222
1222
1222
1223
1229
1229
1229
1230
1231
1231
1231
1232
1234
1234
1234
1235
1236
1236
1239
1239
1239
1239
1241
1242
1242
1242
1243
1243
1243
1244
1244
1245
1246
1246
1249
1250
1251
1252
1252
1253
1254
1255
1255
1256
1257
1258
1258
1258
1259
1259
1259
1259
1260
1261
1264
1265
1265
1266
1266
1268
1268
1270
1272
1273
1274
1274
1274
1274
1275
1275
1277
1278
1278
1279
1279
1280
1280
1283
1283
1284
1286
1287
1287
1287
1287
1289
1290
1292
1293
1295
1297
1298
1299
1299
1301
1301
1301
1302
1302
1303
1305
1306
1306
1306
1306
1307
1307
1307
1307
1307
1308
1308
1309
1309
1310
1312
1312
1313
1313
1313
1313
1314
1315
1315
1316
1317
1318
1319
1320
1322
1322
1322
1324
1325
1327
1327
1328
1328
1328
1330
1332
1332
1332
1332
1333
1333
1336
1336
1337
1337
1338
1338
1339
1339
1339
1340
1341
1341
1341
1344
1344
1345
1346
1347
1347
1347
1347
1348
1348
1350
1350
1351
1351
1352
1352
1352
1353
1354
1355
1357
1357
1358
1358
1359
1360
1360
1361
1361
1361
1364
1365
1365
1367
1368
1371
1372
1372
1373
1373
1375
1376
1377
1378
1378
1378
1380
1380
1380
1381
1381
1381
1382
1385
1385
1385
1387
1388
1390
1392
1394
1396
1396
1398
1400
1400
1401
1402
1402
1403
1404
1000
1001
1002
1002
1003
1003
1004
1004
1004
1006
1007
1010
1011
1012
1012
1014
1014
1014
1014
1015
1015
1016
1016
1017
1018
1018
1019
1020
1020
1021
1021
1021
1022
1022
1022
1022
1023
1024
1025
1025
1026
1026
1026
1028
1028
1028
1031
1032
1032
1032
1033
1036
1036
1036
1040
1040
1040
1041
1042
1043
1043
1043
1044
1045
1046
1046
1047
1048
1049
1050
1050
1050
1051
1053
1055
1056
1056
1056
1057
1057
1061
1063
1063
1065
1066
1067
1069
1069
1071
1072
1072
1074
1077
1078
1078
1080
1080
1081
1081
1081
1083
1083
1083
1084
1084
1085
1085
1085
1087
1089
1091
1091
1091
1091
1092
1093
1094
1096
1097
1097
1098
1098
1100
1100
1101
1102
1103
1104
1105
1106
1106
1109
1113
1115
1116
1116
1117
1118
1121
1122
1122
1122
1123
1124
1124
1125
1127
1127
1127
1128
1129
1129
1130
1130
1130
1136
1136
1137
1138
1138
1141
1142
1142
1144
1144
1144
1144
1145
1146
1146
1147
1147
1148
1148
1148
1148
1149
1150
1151
1151
1151
1153
1153
1155
1156
1158
1158
1158
1159
1162
1162
1162
1162
1162
1163
1165
1166
1167
1167
1168
1168
1169
1169
1169
1170
1171
1171
1172
1173
1175
1175
1175
1177
1177
1177
1178
1178
1179
1179
1180
1180
1180
1181
1182
1183
1183
1184
1184
1186
1186
1186
1186
1186
1187
1187
1187
1188
1188
1190
1191
1193
1195
1199
1199
1199
1200
1200
1200
1202
1202
1202
1203
1204
1204
1205
1210
1210
1212
1212
1213
1213
1214
1215
1216
1217
1217
1217
1218
1219
1221
1222
1222
1222
1223
1229
1229
1229
1230
1231
1231
1231
1232
1234
1234
1234
1235
1236
1236
1239
1239
1239
1239
1241
1242
1242
1242
1243
1243
1243
1244
1244
1245
1246
1246
1249
1250
1251
1252
1252
1253
1254
1255
1255
1256
1257
1258
1258
1258
1259
1259
1259
1259
1260
1261
1264
1265
1265
1266
1266
1268
1268
1270
1272
1273
1274
1274
1274
1274
1275
1275
1277
1278
1278
1279
1279
1280
1280
1283
1283
1284
1286
1287
1287
1287
1287
1289
1290
1292
1293
1295
1297
1298
1299
1299
1301
1301
1301
1302
1302
1303
1305
1306
1306
1306
1306
1307
1307
1307
1307
1307
1308
1308
1309
1309
1310
1312
1312
1313
1313
1313
1313
1314
1315
1315
1316
1317
1318
1319
1320
1322
1322
1322
1324
1325
1327
1327
1328
1328
1328
1330
1332
1332
1332
1332
1333
1333
1336
1336
1337
1337
1338
1338
1339
1339
1339
1340
1341
1341
1341
1344
1344
1345
1346
1347
1347
1347
1347
1348
1348
1350
1350
1351
1351
1352
1352
1352
1353
1354
1355
1357
1357
1358
1358
1359
1360
1360
1361
1361
1361
1364
1365
1365
1367
1368
1371
1372
1372
1373
1373
1375
1376
1377
1378
1378
1378
1380
1380
1380
1381
1381
1381
1382
1385
1385
1385
1387
1388
1390
1392
1394
1396
1396
1398
1400
1400
1401
1402
1402
1403
1404
1000
1001
1002
1002
1003
1003
1004
1004
1004
1006
1007
1010
1011
1012
1012
1014
1014
1014
1014
1015
1015
1016
1016
1017
1018
1018
1019
1020
1020
1021
1021
1021
1022
1022
1022
1022
1023
1024
1025
1025
1026
1026
1026
1028
1028
1028
1031
1032
1032
1032
1033
1036
1036
1036
1040
1040
1040
1041
1042
1043
1043
1043
1044
1045
1046
1046
1047
1048
1049
1050
1050
1050
1051
1053
1055
1056
1056
1056
1057
1057
1061
1063
1063
1065
1066
1067
1069
1069
1071
1072
1072
1074
1077
1078
1078
1080
1080
1081
1081
1081
1083
1083
1083
1084
1084
1085
1085
1085
1087
1089
1091
1091
1091
1091
1092
1093
1094
1096
1097
1097
1098
1098
1100
1100
1101
1102
1103
1104
1105
1106
1106
1109
1113
1115
1116
1116
1117
1118
1121
1122
1122
1122
1123
1124
1124
1125
1127
1127
1127
1128
1129
1129
1130
1130
1130
1136
1136
1137
1138
1138
1141
1142
1142
1144
1144
1144
1144
1145
1146
1146
1147
1147
1148
1148
1148
1148
1149
1150
1151
1151
1151
1153
1153
1155
1156
1158
1158
1158
1159
1162
1162
1162
1162
1162
1163
1165
1166
1167
1167
1168
1168
1169
1169
1169
1170
1171
1171
1172
1173
1175
1175
1175
1177
1177
1177
1178
1178
1179
1179
1180
1180
1180
1181
1182
1183
1183
1184
1184
1186
1186
1186
1186
1186
1187
1187
1187
1188
1188
1190
1191
1193
1195
1199
1199
1199
1200
1200
1200
1202
1202
1202
1203
1204
1204
1205
1210
1210
1212
1212
1213
1213
1214
1215
1216
1217
1217
1217
1218
1219
1221
1222
1222
1222
1223
1229
1229
1229
1230
1231
1231
1231
1232
1234
1234
1234
1235
1236
1236
1239
1239
1239
1239
1241
1242
1242
1242
1243
1243
1243
1244
1244
1245
1246
1246
1249
1250
1251
1252
1252
1253
1254
1255
1255
1256
1257
1258
1258
1258
1259
1259
1259
1259
1260
1261
1264
1265
1265
1266
1266
1268
1268
1270
1272
1273
1274
1274
1274
1274
1275
1275
1277
1278
1278
1279
1279
1280
1280
1283
1283
1284
1286
1287
1287
1287
1287
1289
1290
1292
1293
1295
1297
1298
1299
1299
1301
1301
1301
1302
1302
1303
1305
1306
1306
1306
1306
1307
1307
1307
1307
1307
1308
1308
1309
1309
1310
1312
1312
1313
1313
1313
1313
1314
1315
1315
1316
1317
1318
1319
1320
1322
1322
1322
1324
1325
1327
1327
1328
1328
1328
1330
1332
1332
1332
1332
1333
1333
1336
1336
1337
1337
1338
1338
1339
1339
1339
1340
1341
1341
1341
1344
1344
1345
1346
1347
1347
1347
1347
1348
1348
1350
1350
1351
1351
1352
1352
1352
1353
1354
1355
1357
1357
1358
1358
1359
1360
1360
1361
1361
1361
1364
1365
1365
1367
1368
1371
1372
1372
1373
1373
1375
1376
1377
1378
1378
1378
1380
1380
1380
1381
1381
1381
1382
1385
1385
1385
1387
1388
1390
1392
1394
1396
1396
1398
1400
1400
1401
1402
1402
1403
1404
1000
1001
1002
1002
1003
1003
1004
1004
1004
1006
1007
1010
1011
1012
1012
1014
1014
1014
1014
1015
1015
1016
1016
1017
1018
1018
1019
1020
1020
1021
1021
1021
1022
1022
1022
1022
1023
1024
1025
1025
1026
1026
1026
1028
1028
1028
1031
1032
1032
1032
1033
1036
1036
1036
1040
1040
1040
1041
1042
1043
1043
1043
1044
1045
1046
1046
1047
1048
1049
1050
1050
1050
1051
1053
1055
1056
1056
1056
1057
1057
1061
1063
1063
1065
1066
1067
1069
1069
1071
1072
1072
1074
1077
1078
1078
1080
1080
1081
1081
1081
1083
1083
1083
1084
1084
1085
1085
1085
1087
1089
1091
1091
1091
1091
1092
1093
1094
1096
1097
1097
1098
1098
1100
1100
1101
1102
1103
1104
1105
1106
1106
1109
1113
1115
1116
1116
1117
1118
1121
1122
1122
1122
1123
1124
1124
1125
1127
1127
1127
1128
1129
1129
1130
1130
1130
1136
1136
1137
1138
1138
1141
1142
1142
1144
1144
1144
1144
1145
1146
1146
1147
1147
1148
1148
1148
1148
1149
1150
1151
1151
1151
1153
1153
1155
1156
1158
1158
1158
1159
1162
1162
1162
1162
1162
1163
1165
1166
1167
1167
1168
1168
1169
1169
1169
1170
1171
1171
1172
1173
1175
1175
1175
1177
1177
1177
1178
1178
1179
1179
1180
1180
1180
1181
1182
1183
1183
1184
1184
1186
1186
1186
1186
1186
1187
1187
1187
1188
1188
1190
1191
1193
1195
1199
1199
1199
1200
1200
1200
1202
1202
1202
1203
1204
1204
1205
1210
1210
1212
1212
1213
1213
1214
1215
1216
1217
1217
1217
1218
1219
1221
1222
1222
1222
1223
1229
1229
1229
1230
1231
1231
1231
1232
1234
1234
1234
1235
1236
1236
1239
1239
1239
1239
1241
1242
1242
1242
1243
1243
1243
1244
1244
1245
1246
1246
1249
1250
1251
1252
1252
1253
1254
1255
1255
1256
1257
1258
1258
1258
1259
1259
1259
1259
1260
1261
1264
1265
1265
1266
1266
1268
1268
1270
1272
1273
1274
1274
1274
1274
1275
1275
1277
1278
1278
1279
1279
1280
1280
1283
1283
1284
1286
1287
1287
1287
1287
1289
1290
1292
1293
1295
1297
1298
1299
1299
1301
1301
1301
1302
1302
1303
1305
1306
1306
1306
1306
1307
1307
1307
1307
1307
1308
1308
1309
1309
1310
1312
1312
1313
1313
1313
1313
1314
1315
1315
1316
1317
1318
1319
1320
1322
1322
1322
1324
1325
1327
1327
1328
1328
1328
1330
1332
1332
1332
1332
1333
1333
1336
1336
1337
1337
1338
1338
1339
1339
1339
1340
1341
1341
1341
1344
1344
1345
1346
1347
1347
1347
1347
1348
1348
1350
1350
1351
1351
1352
1352
1352
1353
1354
1355
1357
1357
1358
1358
1359
1360
1360
1361
1361
1361
1364
1365
1365
1367
1368
1371
1372
1372
1373
1373
1375
1376
1377
1378
1378
1378
1380
1380
1380
1381
1381
1381
1382
1385
1385
1385
1387
1388
1390
1392
1394
1396
1396
1398
1400
1400
1401
1402
1402
1403
1404
