5000
4999
4998
4997
4997
4996
4996
4996
4995
4995
4994
4993
4993
4991
4991
4991
4990
4988
4987
4986
4986
4986
4986
4985
4984
4984
4982
4980
4978
4975
4975
4975
4973
4972
4969
4968
4968
4967
4966
4965
4965
4964
4964
4964
4963
4962
4962
4962
4961
4959
4957
4956
4955
4954
4954
4953
4953
4953
4953
4953
4951
4950
4949
4948
4947
4946
4946
4945
4945
4945
4944
4944
4943
4943
4943
4942
4942
4941
4941
4941
4940
4939
4939
4938
4937
4937
4936
4936
4936
4932
4930
4930
4930
4929
4928
4925
4921
4921
4921
4920
4919
4919
4917
4916
4915
4915
4914
4913
4913
4912
4912
4910
4909
4909
4909
4907
4903
4903
4902
4901
4901
4898
4898
4894
4892
4892
4891
4890
4889
4888
4888
4886
4886
4885
4884
4883
4881
4880
4878
4877
4876
4876
4875
4875
4874
4874
4873
4873
4870
4866
4864
4863
4862
4862
4860
4860
4859
4859
4859
4859
4858
4858
4857
4855
4853
4853
4853
4852
4850
4850
4850
4849
4849
4849
4846
4846
4844
4844
4842
4842
4842
4840
4838
4838
4838
4837
4837
4835
4835
4835
4834
4834
4834
4834
4834
4832
4831
4831
4831
4830
4827
4827
4826
4826
4825
4825
4824
4824
4824
4823
4823
4822
4822
4821
4821
4819
4819
4819
4819
4818
4818
4815
4814
4813
4811
4807
4806
4804
4803
4803
4802
4802
4801
4800
4799
4799
4798
4798
4798
4798
4797
4796
4795
4794
4792
4791
4791
4791
4789
4787
4787
4786
4785
4784
4783
4781
4777
4777
4776
4775
4774
4773
4772
4772
4769
4768
4768
4768
4767
4767
4767
4766
4766
4766
4765
4765
4765
4762
4761
4760
4760
4760
4759
4758
4754
4753
4752
4752
4751
4750
4750
4749
4749
4749
4748
4747
4745
4745
4742
4740
4740
4733
4732
4732
4732
4728
4726
4725
4725
4725
4724
4724
4724
4723
4722
4719
4719
4719
4718
4717
4716
4716
4714
4714
4713
4713
4712
4711
4710
4709
4709
4707
4707
4706
4706
4706
4705
4705
4705
4704
4704
4702
4702
4701
4701
4699
4699
4699
4697
4693
4693
4692
4692
4691
4691
4687
4687
4687
4687
4686
4686
4686
4685
4684
4684
4683
4680
4679
4678
4675
4675
4675
4673
4673
4672
4672
4672
4671
4671
4670
4668
4668
4668
4667
4666
4666
4665
4665
4665
4663
4661
4660
4659
4656
4656
4656
4656
4656
4655
4653
4653
4653
4652
4652
4651
4651
4650
4650
4649
4648
4647
4646
4644
4644
4643
4643
4642
4642
4640
4638
4637
4637
4637
4636
4636
4636
4635
4635
4633
4631
4631
4631
4630
4628
4627
4626
4626
4626
4625
4625
4625
4622
4621
4619
4616
4616
4615
4615
4614
4608
4607
4607
4606
4606
4606
4605
4603
4603
4601
4601
4600
4598
4598
4598
4598
4598
4597
4596
4595
4595
4594
4594
4594
4593
4593
4592
4591
4591
4589
4589
4589
4587
4587
4586
4585
4584
4583
4582
4581
4580
4580
4578
4578
4578
4577
4576
4575
4575
4573
4573
4571
4571
4570
4569
4569
4567
4566
4563
4561
4560
4560
4560
4559
4559
4558
4557
4556
4556
4556
4555
4554
4553
4551
4548
4547
4546
4546
4545
4544
4543
4542
4542
4542
4541
4540
4539
4539
4538
4538
4538
4537
4537
4537
4535
4534
4534
4534
4532
4532
4532
4530
4529
4529
4528
4527
4524
4524
4522
4521
4521
4520
4519
4518
4516
4516
4516
4515
4513
4513
4511
4511
4511
4510
4507
4506
4506
4506
4504
4503
4502
4502
4500
4499
4498
4498
4496
4495
4495
4492
4490
4489
4488
4487
4487
4487
4487
4486
4486
4485
4484
4483
4483
4483
4481
4480
4480
4479
4479
4478
4476
4475
4475
4474
4472
4472
4472
4471
4471
4470
4470
4470
4469
4468
4467
4467
4466
4466
4466
4466
4465
4464
4464
4464
4463
4460
4456
4456
4455
4455
4454
4454
4453
4451
4451
4449
4449
4449
4448
4448
4447
4446
4446
4445
4444
4443
4442
4442
4441
4441
4439
4439
4438
4438
4437
4437
4437
4436
4436
4436
4435
4434
4434
4433
4432
4431
4431
4430
4428
4426
4425
4424
4423
4418
4418
4417
4416
4416
4416
4416
4415
4414
4414
4412
4411
4411
4411
4410
4409
4408
4408
4407
4406
4405
4405
4404
4402
4401
4399
4399
4399
4396
4396
4394
4394
4394
4393
4393
4393
4393
4392
4390
4390
4387
4386
4386
4386
4384
4384
4383
4383
4381
4380
4379
4378
4377
4376
4376
4375
4375
4373
4371
4370
4368
4368
4367
4365
4365
4365
4365
4363
4362
4362
4362
4361
4360
4358
4357
4357
4357
4357
4356
4355
4354
4352
4351
4350
4350
4350
4350
4347
4346
4345
4344
4342
4341
4341
4341
4340
4339
4338
4337
4335
4334
4332
4332
4331
4329
4327
4327
4327
4327
4326
4326
4325
4322
4321
4321
4320
4319
4318
4318
4317
4317
4316
4315
4314
4310
4310
4306
4304
4304
4303
4303
4303
4303
4302
4302
4302
4302
4301
4297
4296
4295
4294
4294
4293
4293
4291
4291
4291
4289
4288
4288
4286
4286
4285
4285
4284
4284
4284
4283
4282
4282
4282
4281
4280
4278
4277
4276
4274
4273
4272
4272
4271
4271
4271
4269
4268
4267
4266
4265
4264
4264
4263
4263
4263
4262
4260
4260
4259
4259
4258
4257
4256
4256
4255
4255
4254
4254
4254
4253
4253
4253
4252
4252
4251
4249
4249
4248
4247
4245
4245
4245
4244
4243
4243
4242
4241
4238
4238
4236
4236
4236
4233
4232
4231
4231
4230
4229
4227
4226
4226
4225
4224
4223
4223
4223
4222
4222
4222
4221
4221
4220
4220
4219
4218
4218
4218
4214
4214
4213
4212
4210
4210
4209
4208
4207
4206
4205
4203
4203
4202
4201
4200
4196
4195
4195
4195
4194
4194
4194
4193
4192
4191
4190
4190
4189
4188
4187
4187
4186
4186
4186
4186
4185
4185
4184
4182
4182
4181
4177
4174
4174
4174
4173
4171
4170
4168
4168
4168
4168
4168
4168
4167
4166
4166
4164
4164
4164
4163
4163
4162
4162
4161
4161
4159
4159
4159
4158
4158
4158
4157
4156
4156
4155
4155
4154
4154
4153
4153
4152
4152
4151
4151
4151
4150
4150
4150
4150
4149
4149
4149
4148
4148
4147
4147
4147
4147
4147
4146
4145
4145
4144
4143
4143
4140
4137
4135
4134
4134
4134
4133
4131
4130
4129
4129
4128
4128
4127
4126
4126
4125
4125
4124
4123
4123
4123
4121
4120
4119
4117
4116
4116
4116
4115
4113
4113
4113
4112
4112
4112
4107
4107
4107
4106
4106
4105
4104
4104
4102
4102
4102
4101
4101
4099
4097
4092
4092
4091
4089
4088
4087
4087
4086
4085
4085
4085
4084
4084
4083
4082
4078
4077
4077
4076
4076
4075
4074
4074
4071
4071
4070
4069
4066
4064
4059
4058
4057
4056
4056
4055
4055
4054
4054
4053
4053
4053
4053
4052
4050
4050
4049
4049
4048
4048
4047
4047
4046
4044
4044
4043
4043
4043
4041
4040
4040
4039
4039
4038
4037
4037
4036
4034
4034
4032
4032
4031
4030
4030
4029
4028
4028
4027
4026
4025
4024
4023
4023
4023
4022
4021
4021
4020
4018
4017
4016
4016
4014
4014
4014
4013
4013
4013
4012
4012
4011
4010
4010
4009
4008
4005
4005
4004
4002
4001
4001
3999
3998
3996
3995
3994
3994
3993
3993
3992
3990
3988
3988
3988
3988
3988
3988
3984
3983
3982
3982
3979
3979
3979
3979
3978
3978
3977
3977
3977
3976
3974
3974
3974
3973
3973
3973
3973
3972
3972
3972
3971
3971
3970
3969
3969
3969
3968
3968
3968
3966
3966
3964
3964
3963
3963
3962
3962
3961
3961
3960
3960
3960
3960
3960
3959
3957
3957
3956
3955
3955
3955
3955
3954
3954
3954
3952
3951
3948
3945
3943
3942
3941
3937
3936
3935
3935
3933
3933
3933
3932
3932
3930
3929
3929
3927
3926
3925
3925
3925
3925
3923
3922
3922
3921
3920
3919
3919
3918
3918
3917
3917
3916
3916
3915
3915
3914
3912
3911
3911
3911
3910
3909
3909
3907
3907
3907
3907
3906
3906
3905
3905
3904
3904
3904
3902
3902
3899
3899
3899
3898
3898
3896
3896
3896
3892
3891
3891
3890
3890
3890
3890
3889
3889
3889
3888
3887
3887
3886
3885
3885
3883
3882
3882
3880
3880
3880
3880
3879
3878
3878
3878
3876
3876
3876
3876
3875
3875
3875
3874
3874
3873
3872
3871
3871
3871
3870
3869
3869
3868
3868
3867
3867
3866
3866
3866
3865
3864
3864
3864
3863
3863
3862
3860
3860
3858
3857
3857
3856
3856
3855
3855
3855
3855
3854
3852
3851
3851
3851
3849
3848
3848
3846
3846
3846
3845
3844
3844
3844
3843
3843
3843
3841
3840
3840
3839
3838
3838
3836
3836
3836
3835
3833
3828
3827
3826
3826
3826
3825
3824
3822
3820
3820
3819
3819
3819
3818
3818
3817
3816
3816
3816
3814
3812
3811
3810
3809
3806
3805
3804
3804
3804
3804
3803
3802
3802
3802
3802
3801
3801
3800
3797
3796
3796
3796
3796
3795
3794
3794
3794
3793
3792
3792
3791
3790
3789
3787
3787
3787
3786
3783
3783
3783
3780
3779
3779
3778
3778
3777
3776
3776
3775
3773
3772
3771
3770
3768
3767
3766
3763
3763
3763
3763
3762
3762
3758
3758
3757
3756
3755
3754
3753
3753
3752
3751
3750
3749
3748
3748
3748
3747
3747
3746
3746
3745
3745
3743
3742
3742
3741
3740
3738
3736
3736
3736
3735
3734
3733
3733
3732
3732
3731
3730
3729
3728
3727
3727
3727
3726
3726
3724
3723
3723
3723
3722
3722
3721
3721
3720
3720
3717
3717
3717
3717
3717
3716
3715
3714
3713
3712
3709
3709
3709
3707
3707
3706
3706
3705
3705
3704
3702
3702
3701
3700
3700
3700
3699
3699
3698
3695
3694
3693
3691
3690
3690
3689
3689
3689
3689
3688
3688
3687
3686
3686
3685
3685
3683
3683
3682
3682
3681
3681
3681
3680
3680
3680
3679
3679
3678
3677
3677
3675
3674
3673
3673
3671
3670
3669
3669
3669
3667
3667
3666
3666
3665
3665
3663
3663
3661
3661
3660
3659
3659
3655
3654
3654
3653
3653
3652
3652
3651
3649
3649
3649
3646
3646
3644
3643
3642
3640
3639
3638
3638
3637
3636
3635
3635
3634
3633
3631
3629
3629
3628
3624
3624
3624
3624
3623
3623
3622
3622
3620
3620
3620
3620
3620
3620
3619
3618
3618
3618
3617
3617
3616
3615
3615
3614
3614
3613
3612
3612
3612
3611
3610
3610
3609
3609
3608
3608
3605
3605
3603
3602
3599
3599
3599
3598
3598
3597
3596
3596
3595
3595
3592
3592
3592
3591
3591
3590
3589
3589
3588
3585
3584
3584
3583
3581
3579
3576
3571
3570
3569
3567
3566
3566
3565
3565
3565
3565
3564
3564
3564
3563
3563
3562
3562
3561
3561
3559
3559
3558
3558
3556
3555
3554
3551
3550
3548
3547
3547
3546
3545
3544
3544
3544
3543
3543
3542
3541
3540
3539
3538
3538
3537
3536
3533
3532
3527
3526
3525
3525
3523
3523
3521
3520
3520
3519
3519
3519
3519
3518
3518
3518
3517
3517
3515
3514
3512
3512
3511
3511
3509
3509
3507
3504
3502
3501
3499
3498
3496
3495
3494
3494
3492
3492
3492
3491
3491
3491
3491
3488
3487
3487
3485
3485
3485
3485
3485
3484
3484
3483
3482
3481
3481
3479
3479
3479
3478
3476
3475
3475
3475
3473
3472
3472
3471
3471
3471
3471
3470
3469
3469
3468
3468
3467
3466
3465
3465
3462
3461
3461
3460
3459
3457
3457
3457
3456
3456
3454
3454
3453
3453
3453
3452
3450
3447
3447
3447
3444
3444
3444
3443
3443
3443
3440
3440
3439
3437
3436
3436
3436
3436
3435
3435
3435
3434
3434
3433
3433
3432
3432
3430
3430
3428
3428
3427
3427
3424
3424
3424
3423
3422
3421
3421
3421
3419
3418
3418
3417
3415
3413
3413
3412
3412
3411
3411
3410
3410
3409
3409
3409
3408
3407
3407
3407
3406
3404
3404
3404
3403
3402
3402
3401
3399
3398
3398
3397
3396
3396
3396
3396
3395
3394
3393
3391
3390
3389
3389
3388
3388
3388
3384
3381
3380
3379
3379
3377
3377
3376
3375
3374
3372
3371
3368
3366
3366
3365
3364
3363
3362
3362
3360
3360
3359
3359
3357
3356
3355
3355
3355
3354
3354
3353
3352
3351
3351
3349
3348
3347
3346
3343
3343
3343
3341
3340
3340
3339
3338
3338
3337
3336
3336
3335
3334
3334
3334
3330
3328
3328
3327
3326
3325
3325
3324
3322
3321
3319
3318
3318
3316
3316
3316
3315
3315
3314
3311
3311
3308
3308
3308
3307
3305
3304
3302
3300
3299
3298
3298
3295
3295
3295
3295
3295
3294
3293
3293
3293
3293
3292
3292
3292
3291
3290
3286
3286
3286
3286
3285
3285
3285
3284
3284
3284
3283
3283
3281
3278
3278
3278
3276
3275
3273
3273
3272
3272
3272
3272
3271
3270
3270
3269
3269
3267
3263
3263
3262
3261
3261
3260
3259
3259
3258
3257
3257
3256
3255
3255
3255
3254
3252
3252
3251
3250
3250
3250
3249
3247
3245
3244
3243
3242
3241
3238
3238
3237
3236
3236
3235
3235
3235
3234
3234
3234
3234
3234
3234
3233
3233
3233
3233
3232
3231
3230
3230
3228
3227
3227
3226
3225
3224
3223
3223
3223
3222
3222
3221
3220
3216
3216
3216
3214
3213
3213
3210
3209
3205
3205
3203
3201
3201
3200
3198
3198
3197
3196
3196
3196
3195
3193
3193
3192
3191
3189
3189
3189
3189
3187
3186
3185
3184
3183
3182
3181
3180
3179
3179
3179
3179
3179
3178
3177
3176
3176
3176
3175
3175
3174
3174
3172
3171
3170
3170
3169
3168
3168
3167
3167
3167
3166
3166
3165
3163
3163
3162
3161
3160
3160
3157
3157
3155
3154
3154
3154
3153
3152
3152
3152
3150
3149
3148
3147
3147
3146
3146
3145
3145
3143
3142
3142
3139
3139
3138
3138
3138
3138
3137
3137
3136
3136
3135
3134
3134
3133
3133
3133
3132
3132
3132
3129
3129
3128
3126
3125
3123
3122
3121
3120
3120
3118
3118
3117
3116
3115
3114
3114
3114
3113
3112
3112
3111
3110
3109
3107
3107
3107
3106
3105
3105
3105
3105
3104
3103
3102
3101
3100
3100
3100
3100
3099
3099
3098
3096
3095
3095
3094
3094
3094
3093
3093
3092
3091
3090
3090
3090
3088
3088
3088
3087
3086
3086
3086
3085
3084
3084
3084
3084
3083
3083
3081
3081
3081
3080
3080
3080
3080
3079
3077
3075
3075
3074
3074
3072
3071
3069
3069
3069
3069
3067
3066
3065
3065
3065
3064
3064
3064
3062
3061
3060
3060
3060
3057
3056
3056
3055
3054
3054
3052
3052
3052
3050
3050
3046
3046
3046
3045
3045
3044
3044
3044
3043
3043
3042
3041
3040
3040
3039
3038
3035
3035
3034
3033
3031
3029
3028
3027
3025
3025
3024
3024
3023
3022
3022
3018
3017
3017
3015
3015
3015
3014
3013
3013
3013
3012
3012
3011
3011
3010
3008
3007
3007
3006
3005
3003
3002
3002
2999
2997
2997
2997
2997
2996
2995
2994
2994
2992
2992
2991
2989
2984
2984
2983
2982
2982
2982
2981
2981
2980
2980
2977
2975
2972
2972
2972
2970
2970
2970
2969
2968
2967
2966
2966
2965
2965
2964
2964
2962
2960
2960
2959
2959
2959
2957
2957
2957
2955
2954
2953
2952
2951
2950
2950
2950
2949
2948
2948
2947
2947
2947
2946
2945
2944
2944
2942
2941
2940
2940
2940
2939
2939
2937
2937
2936
2934
2933
2933
2932
2931
2931
2931
2931
2930
2930
2927
2927
2926
2926
2925
2925
2924
2923
2922
2920
2919
2918
2918
2917
2916
2915
2915
2914
2913
2912
2910
2909
2909
2908
2908
2908
2907
2907
2905
2904
2904
2904
2903
2903
2903
2903
2902
2902
2902
2902
2896
2896
2895
2894
2894
2894
2891
2890
2889
2889
2887
2886
2886
2885
2884
2883
2883
2883
2882
2882
2882
2881
2880
2880
2880
2879
2878
2877
2877
2876
2874
2874
2872
2872
2872
2872
2871
2870
2869
2866
2865
2865
2864
2863
2863
2863
2862
2862
2862
2860
2860
2860
2858
2857
2856
2855
2855
2854
2853
2853
2853
2852
2847
2846
2846
2845
2845
2845
2844
2842
2841
2841
2840
2838
2837
2837
2837
2836
2836
2836
2835
2833
2832
2831
2831
2830
2830
2828
2828
2828
2827
2827
2826
2824
2824
2823
2821
2819
2818
2817
2817
2816
2815
2814
2814
2813
2812
2812
2812
2810
2810
2809
2809
2807
2807
2807
2807
2806
2805
2805
2804
2800
2800
2798
2797
2797
2796
2796
2796
2795
2794
2793
2792
2792
2792
2792
2791
2791
2791
2789
2788
2788
2788
2787
2786
2785
2785
2784
2783
2783
2783
2782
2782
2781
2781
2779
2779
2779
2779
2778
2778
2778
2777
2776
2775
2775
2773
2772
2771
2771
2770
2770
2769
2766
2765
2765
2764
2763
2760
2759
2759
2758
2758
2757
2757
2756
2755
2754
2754
2752
2752
2751
2751
2751
2750
2750
2750
2749
2749
2747
2747
2747
2746
2746
2746
2744
2742
2742
2741
2741
2741
2740
2739
2738
2737
2737
2737
2736
2735
2734
2734
2733
2732
2731
2731
2731
2730
2729
2729
2729
2727
2726
2725
2724
2723
2722
2721
2720
2720
2718
2718
2717
2717
2716
2715
2712
2709
2708
2708
2707
2706
2706
2706
2705
2705
2703
2703
2702
2701
2701
2699
2699
2696
2696
2696
2695
2693
2692
2692
2692
2692
2690
2689
2689
2688
2687
2687
2687
2686
2686
2686
2686
2685
2685
2685
2684
2682
2681
2681
2680
2680
2679
2679
2678
2678
2677
2676
2675
2674
2673
2670
2669
2668
2668
2668
2668
2668
2668
2668
2667
2667
2666
2666
2665
2665
2664
2663
2662
2662
2662
2662
2661
2660
2659
2659
2659
2659
2657
2657
2657
2656
2655
2654
2654
2654
2653
2652
2651
2651
2651
2650
2649
2648
2647
2646
2644
2642
2641
2640
2640
2639
2637
2636
2636
2636
2635
2634
2632
2632
2632
2631
2629
2629
2629
2626
2625
2624
2624
2624
2622
2622
2622
2620
2619
2619
2617
2617
2617
2617
2615
2615
2615
2615
2613
2607
2607
2607
2606
2605
2605
2605
2604
2603
2602
2601
2601
2601
2597
2597
2595
2594
2593
2593
2592
2592
2591
2591
2591
2590
2590
2590
2589
2588
2588
2586
2585
2584
2583
2581
2581
2580
2580
2579
2577
2577
2576
2575
2573
2573
2573
2572
2570
2570
2570
2569
2569
2569
2568
2567
2567
2565
2565
2564
2561
2561
2560
2558
2558
2558
2557
2556
2555
2555
2554
2554
2551
2551
2549
2548
2547
2546
2545
2544
2543
2541
2541
2539
2539
2539
2538
2538
2537
2537
2535
2535
2528
2528
2528
2527
2527
2527
2525
2524
2523
2522
2521
2521
2520
2520
2518
2515
2515
2515
2514
2514
2514
2511
2510
2510
2509
2509
2509
2508
2507
2505
2505
2504
2503
2502
2501
2501
2501
2501
2500
2500
2499
2498
2497
2496
2493
2493
2492
2492
2491
2490
2490
2489
2487
2487
2486
2485
2484
2483
2482
2481
2481
2480
2479
2478
2477
2475
2475
2475
2474
2473
2473
2472
2470
2470
2469
2469
2468
2467
2466
2465
2465
2465
2465
2464
2464
2464
2464
2463
2463
2463
2463
2461
2461
2459
2458
2458
2457
2457
2457
2456
2456
2454
2454
2453
2452
2452
2451
2450
2450
2449
2448
2448
2446
2446
2445
2445
2444
2443
2442
2441
2441
2440
2439
2438
2438
2435
2433
2431
2431
2431
2430
2430
2430
2429
2428
2427
2427
2425
2425
2422
2422
2421
2420
2420
2420
2419
2418
2417
2416
2415
2414
2414
2413
2412
2411
2411
2410
2410
2410
2409
2409
2408
2405
2402
2402
2401
2400
2400
2399
2398
2397
2397
2395
2394
2393
2391
2390
2389
2388
2388
2388
2387
2386
2386
2385
2383
2382
2381
2380
2380
2379
2379
2378
2377
2377
2376
2375
2375
2374
2372
2371
2370
2368
2366
2366
2366
2366
2365
2363
2361
2361
2360
2359
2359
2358
2358
2357
2356
2356
2356
2355
2353
2353
2352
2352
2352
2351
2351
2350
2350
2350
2349
2347
2346
2346
2345
2344
2343
2343
2342
2341
2341
2340
2339
2337
2335
2334
2333
2333
2332
2332
2332
2329
2329
2328
2326
2326
2326
2324
2324
2323
2322
2322
2321
2321
2315
2314
2313
2313
2313
2312
2312
2311
2310
2310
2308
2308
2307
2306
2306
2306
2305
2304
2302
2301
2301
2300
2300
2299
2299
2299
2298
2297
2297
2295
2294
2293
2292
2292
2291
2289
2286
2286
2285
2284
2281
2281
2281
2280
2280
2277
2276
2276
2276
2274
2274
2274
2272
2272
2272
2271
2271
2269
2268
2267
2266
2266
2264
2263
2263
2261
2261
2261
2261
2260
2260
2259
2259
2259
2256
2255
2255
2255
2254
2254
2253
2253
2253
2253
2253
2252
2252
2252
2251
2250
2250
2250
2249
2248
2247
2247
2244
2244
2243
2243
2243
2239
2237
2236
2236
2235
2233
2233
2232
2232
2232
2232
2232
2232
2231
2230
2230
2230
2228
2228
2227
2226
2226
2226
2226
2224
2222
2221
2220
2219
2218
2217
2216
2216
2216
2215
2215
2214
2213
2212
2211
2209
2209
2208
2207
2207
2206
2205
2205
2204
2203
2201
2201
2199
2199
2198
2198
2197
2194
2194
2194
2194
2193
2193
2192
2191
2191
2191
2190
2190
2190
2189
2188
2187
2187
2187
2185
2184
2183
2180
2178
2177
2176
2176
2175
2174
2173
2173
2172
2172
2171
2171
2169
2167
2167
2166
2166
2165
2164
2163
2162
2161
2159
2159
2158
2157
2156
2155
2154
2153
2153
2150
2150
2150
2149
2149
2149
2142
2140
2139
2138
2138
2138
2138
2137
2137
2136
2135
2134
2133
2130
2129
2129
2129
2125
2125
2124
2123
2122
2122
2121
2121
2120
2120
2119
2118
2117
2116
2116
2116
2115
2115
2114
2114
2113
2113
2111
2111
2111
2109
2108
2108
2108
2108
2108
2108
2107
2107
2107
2106
2106
2106
2106
2104
2104
2102
2102
2102
2101
2100
2100
2099
2097
2097
2096
2095
2095
2095
2094
2093
2091
2091
2091
2091
2090
2088
2088
2088
2087
2087
2087
2087
2087
2087
2086
2086
2085
2084
2083
2079
2079
2078
2078
2077
2077
2076
2075
2074
2074
2074
2074
2073
2073
2073
2073
2071
2071
2071
2071
2070
2070
2070
2068
2068
2067
2066
2066
2065
2065
2065
2064
2064
2063
2063
2063
2061
2060
2060
2060
2060
2060
2058
2058
2057
2056
2056
2055
2052
2052
2052
2052
2051
2051
2050
2050
2049
2049
2049
2045
2045
2045
2044
2043
2038
2038
2037
2035
2030
2030
2030
2029
2028
2028
2026
2023
2022
2022
2021
2019
2016
2016
2015
2015
2015
2014
2014
2013
2012
2009
2009
2006
2006
2006
2004
2004
2004
2002
2002
2002
2001
2000
2000
2000
2000
2000
2000
1999
1998
1997
1996
1995
1993
1993
1993
1992
1991
1991
1989
1988
1987
1985
1983
1983
1983
1982
1981
1980
1979
1978
1977
1974
1974
1974
1973
1973
1972
1972
1972
1971
1970
1970
1968
1966
1963
1962
1962
1961
1961
1960
1960
1959
1959
1958
1958
1957
1957
1957
1956
1955
1954
1954
1954
1953
1953
1952
1951
1950
1950
1950
1949
1949
1948
1948
1946
1944
1942
1942
1942
1942
1941
1940
1939
1938
1938
1937
1937
1936
1936
1935
1935
1934
1933
1932
1932
1930
1930
1928
1926
1925
1923
1923
1922
1922
1922
1921
1919
1918
1917
1916
1915
1914
1911
1911
1910
1910
1909
1909
1909
1907
1905
1904
1904
1902
1899
1899
1899
1899
1898
1898
1896
1895
1895
1894
1893
1893
1891
1890
1889
1888
1888
1888
1887
1887
1886
1886
1886
1886
1886
1885
1885
1884
1884
1883
1882
1882
1882
1881
1881
1880
1880
1879
1878
1877
1877
1876
1876
1875
1874
1872
1870
1869
1868
1867
1866
1866
1864
1863
1863
1862
1862
1861
1861
1861
1861
1859
1856
1855
1854
1854
1853
1853
1852
1852
1852
1852
1851
1850
1850
1850
1849
1848
1846
1846
1846
1846
1844
1843
1843
1843
1841
1841
1841
1840
1839
1838
1837
1837
1836
1835
1835
1834
1833
1833
1832
1831
1831
1830
1830
1830
1828
1828
1826
1826
1824
1823
1823
1822
1820
1819
1819
1819
1819
1818
1818
1815
1814
1814
1812
1812
1811
1811
1809
1808
1807
1807
1807
1807
1806
1804
1803
1803
1803
1803
1803
1802
1801
1801
1800
1799
1798
1797
1796
1795
1795
1795
1793
1790
1789
1788
1787
1785
1785
1782
1781
1778
1778
1777
1774
1773
1773
1771
1771
1770
1769
1769
1768
1768
1767
1767
1764
1764
1763
1763
1762
1761
1761
1760
1759
1759
1758
1758
1756
1756
1755
1754
1752
1750
1750
1750
1749
1747
1747
1747
1746
1745
1744
1744
1743
1743
1742
1740
1738
1738
1737
1737
1736
1736
1736
1735
1735
1734
1732
1732
1730
1730
1728
1727
1726
1724
1722
1721
1721
1720
1720
1719
1719
1718
1717
1714
1712
1712
1712
1711
1710
1710
1710
1710
1709
1708
1707
1707
1704
1704
1703
1702
1701
1701
1700
1700
1699
1699
1699
1697
1697
1696
1696
1694
1694
1694
1692
1691
1690
1690
1690
1689
1688
1687
1686
1685
1685
1684
1684
1683
1682
1682
1681
1681
1680
1680
1678
1678
1677
1677
1676
1676
1676
1675
1674
1673
1673
1672
1670
1668
1668
1668
1667
1666
1666
1666
1666
1666
1665
1664
1664
1664
1662
1662
1662
1662
1661
1661
1660
1658
1658
1658
1657
1656
1656
1655
1655
1655
1651
1650
1650
1650
1649
1649
1648
1648
1647
1647
1646
1646
1644
1642
1642
1641
1641
1639
1638
1637
1636
1635
1635
1635
1632
1631
1630
1630
1630
1629
1628
1628
1627
1627
1626
1621
1621
1620
1618
1618
1615
1615
1614
1614
1614
1614
1612
1612
1610
1609
1608
1607
1604
1603
1602
1602
1602
1601
1600
1597
1597
1596
1596
1595
1594
1594
1594
1593
1593
1593
1591
1591
1591
1591
1590
1589
1589
1589
1587
1587
1587
1586
1585
1585
1584
1584
1580
1580
1580
1579
1579
1579
1579
1578
1578
1578
1577
1577
1576
1575
1574
1573
1572
1572
1570
1570
1569
1569
1569
1569
1568
1568
1567
1567
1566
1566
1565
1565
1565
1564
1563
1560
1559
1556
1555
1553
1553
1553
1552
1550
1549
1548
1548
1547
1547
1547
1547
1546
1546
1546
1545
1545
1544
1544
1544
1543
1542
1541
1540
1539
1539
1539
1538
1536
1535
1534
1534
1534
1533
1533
1532
1532
1530
1530
1529
1529
1529
1528
1527
1527
1526
1523
1521
1521
1520
1520
1520
1519
1519
1518
1518
1518
1517
1516
1516
1516
1516
1516
1515
1513
1511
1511
1510
1509
1508
1505
1505
1504
1504
1503
1503
1502
1502
1501
1501
1499
1499
1499
1497
1497
1495
1494
1494
1494
1491
1491
1490
1490
1490
1489
1489
1489
1489
1488
1488
1486
1485
1485
1483
1483
1482
1481
1475
1474
1474
1470
1469
1468
1468
1468
1468
1468
1468
1466
1463
1463
1461
1461
1461
1460
1459
1458
1458
1458
1458
1457
1457
1457
1456
1454
1453
1452
1452
1451
1450
1449
1446
1446
1442
1442
1441
1441
1440
1438
1438
1436
1434
1434
1433
1432
1431
1430
1430
1428
1428
1427
1427
1426
1425
1425
1424
1423
1421
1420
1420
1420
1418
1416
1416
1416
1415
1414
1414
1412
1411
1411
1409
1408
1408
1408
1406
1405
1404
1403
1402
1402
1401
1400
1400
1398
1396
1396
1394
1392
1390
1388
1387
1385
1385
1385
1382
1381
1381
1381
1380
1380
1380
1378
1378
1378
1377
1376
1375
1373
1373
1372
1372
1371
1368
1367
1365
1365
1364
1361
1361
1361
1360
1360
1359
1358
1358
1357
1357
1355
1354
1353
1352
1352
1352
1351
1351
1350
1350
1348
1348
1347
1347
1347
1347
1346
1345
1344
1344
1341
1341
1341
1340
1339
1339
1339
1338
1338
1337
1337
1336
1336
1333
1333
1332
1332
1332
1332
1330
1328
1328
1328
1327
1327
1325
1324
1322
1322
1322
1320
1319
1318
1317
1316
1315
1315
1314
1313
1313
1313
1313
1312
1312
1310
1309
1309
1308
1308
1307
1307
1307
1307
1307
1306
1306
1306
1306
1305
1303
1302
1302
1301
1301
1301
1299
1299
1298
1297
1295
1293
1292
1290
1289
1287
1287
1287
1287
1286
1284
1283
1283
1280
1280
1279
1279
1278
1278
1277
1275
1275
1274
1274
1274
1274
1273
1272
1270
1268
1268
1266
1266
1265
1265
1264
1261
1260
1259
1259
1259
1259
1258
1258
1258
1257
1256
1255
1255
1254
1253
1252
1252
1251
1250
1249
1246
1246
1245
1244
1244
1243
1243
1243
1242
1242
1242
1241
1239
1239
1239
1239
1236
1236
1235
1234
1234
1234
1232
1231
1231
1231
1230
1229
1229
1229
1223
1222
1222
1222
1221
1219
1218
1217
1217
1217
1216
1215
1214
1213
1213
1212
1212
1210
1210
1205
1204
1204
1203
1202
1202
1202
1200
1200
1200
1199
1199
1199
1195
1193
1191
1190
1188
1188
1187
1187
1187
1186
1186
1186
1186
1186
1184
1184
1183
1183
1182
1181
1180
1180
1180
1179
1179
1178
1178
1177
1177
1177
1175
1175
1175
1173
1172
1171
1171
1170
1169
1169
1169
1168
1168
1167
1167
1166
1165
1163
1162
1162
1162
1162
1162
1159
1158
1158
1158
1156
1155
1153
1153
1151
1151
1151
1150
1149
1148
1148
1148
1148
1147
1147
1146
1146
1145
1144
1144
1144
1144
1142
1142
1141
1138
1138
1137
1136
1136
1130
1130
1130
1129
1129
1128
1127
1127
1127
1125
1124
1124
1123
1122
1122
1122
1121
1118
1117
1116
1116
1115
1113
1109
1106
1106
1105
1104
1103
1102
1101
1100
1100
1098
1098
1097
1097
1096
1094
1093
1092
1091
1091
1091
1091
1089
1087
1085
1085
1085
1084
1084
1083
1083
1083
1081
1081
1081
1080
1080
1078
1078
1077
1074
1072
1072
1071
1069
1069
1067
1066
1065
1063
1063
1061
1057
1057
1056
1056
1056
1055
1053
1051
1050
1050
1050
1049
1048
1047
1046
1046
1045
1044
1043
1043
1043
1042
1041
1040
1040
1040
1036
1036
1036
1033
1032
1032
1032
1031
1028
1028
1028
1026
1026
1026
1025
1025
1024
1023
1022
1022
1022
1022
1021
1021
1021
1020
1020
1019
1018
1018
1017
1016
1016
1015
1015
1014
1014
1014
1014
1012
1012
1011
1010
1007
1006
1004
1004
1004
1003
1003
1002
1002
1001
1000
