1000
1001
1002
1002
1003
1003
1004
1004
1004
1006
1007
1010
1011
1012
1012
1014
1014
1014
1014
1015
1015
1016
1016
1017
1018
1018
1019
1020
1020
1021
1021
1021
1022
1022
1022
1022
1023
1024
1025
1025
1026
1026
1026
1028
1028
1028
1031
1032
1032
1032
1033
1036
1036
1036
1040
1040
1040
1041
1042
1043
1043
1043
1044
1045
1046
1046
1047
1048
1049
1050
1050
1050
1051
1053
1055
1056
1056
1056
1057
1057
1061
1063
1063
1065
1066
1067
1069
1069
1071
1072
1072
1074
1077
1078
1078
1080
1080
1081
1081
1081
1083
1083
1083
1084
1084
1085
1085
1085
1087
1089
1091
1091
1091
1091
1092
1093
1094
1096
1097
1097
1098
1098
1100
1100
1101
1102
1103
1104
1105
1106
1106
1109
1113
1115
1116
1116
1117
1118
1121
1122
1122
1122
1123
1124
1124
1125
1127
1127
1127
1128
1129
1129
1130
1130
1130
1136
1136
1137
1138
1138
1141
1142
1142
1144
1144
1144
1144
1145
1146
1146
1147
1147
1148
1148
1148
1148
1149
1150
1151
1151
1151
1153
1153
1155
1156
1158
1158
1158
1159
1162
1162
1162
1162
1162
1163
1165
1166
1167
1167
1168
1168
1169
1169
1169
1170
1171
1171
1172
1173
1175
1175
1175
1177
1177
1177
1178
1178
1179
1179
1180
1180
1180
1181
1182
1183
1183
1184
1184
1186
1186
1186
1186
1186
1187
1187
1187
1188
1188
1190
1191
1193
1195
1199
1199
1199
1200
1200
1200
1202
1202
1202
1203
1204
1204
1205
1210
1210
1212
1212
1213
1213
1214
1215
1216
1217
1217
1217
1218
1219
1221
1222
1222
1222
1223
1229
1229
1229
1230
1231
1231
1231
1232
1234
1234
1234
1235
1236
1236
1239
1239
1239
1239
1241
1242
1242
1242
1243
1243
1243
1244
1244
1245
1246
1246
1249
1250
1251
1252
1252
1253
1254
1255
1255
1256
1257
1258
1258
1258
1259
1259
1259
1259
1260
1261
1264
1265
1265
1266
1266
1268
1268
1270
1272
1273
1274
1274
1274
1274
1275
1275
1277
1278
1278
1279
1279
1280
1280
1283
1283
1284
1286
1287
1287
1287
1287
1289
1290
1292
1293
1295
1297
1298
1299
1299
1301
1301
1301
1302
1302
1303
1305
1306
1306
1306
1306
1307
1307
1307
1307
1307
1308
1308
1309
1309
1310
1312
1312
1313
1313
1313
1313
1314
1315
1315
1316
1317
1318
1319
1320
1322
1322
1322
1324
1325
1327
1327
1328
1328
1328
1330
1332
1332
1332
1332
1333
1333
1336
1336
1337
1337
1338
1338
1339
1339
1339
1340
1341
1341
1341
1344
1344
1345
1346
1347
1347
1347
1347
1348
1348
1350
1350
1351
1351
1352
1352
1352
1353
1354
1355
1357
1357
1358
1358
1359
1360
1360
1361
1361
1361
1364
1365
1365
1367
1368
1371
1372
1372
1373
1373
1375
1376
1377
1378
1378
1378
1380
1380
1380
1381
1381
1381
1382
1385
1385
1385
1387
1388
1390
1392
1394
1396
1396
1398
1400
1400
1401
1402
1402
1403
1404
1405
1406
1408
1408
1408
1409
1411
1411
1412
1414
1414
1415
1416
1416
1416
1418
1420
1420
1420
1421
1423
1424
1425
1425
1426
1427
1427
1428
1428
1430
1430
1431
1432
1433
1434
1434
1436
1438
1438
1440
1441
1441
1442
1442
1446
1446
1449
1450
1451
1452
1452
1453
1454
1456
1457
1457
1457
1458
1458
1458
1458
1459
1460
1461
1461
1461
1463
1463
1466
1468
1468
1468
1468
1468
1468
1469
1470
1474
1474
1475
1481
1482
1483
1483
1485
1485
1486
1488
1488
1489
1489
1489
1489
1490
1490
1490
1491
1491
1494
1494
1494
1495
1497
1497
1499
1499
1499
1501
1501
1502
1502
1503
1503
1504
1504
1505
1505
1508
1509
1510
1511
1511
1513
1515
1516
1516
1516
1516
1516
1517
1518
1518
1518
1519
1519
1520
1520
1520
1521
1521
1523
1526
1527
1527
1528
1529
1529
1529
1530
1530
1532
1532
1533
1533
1534
1534
1534
1535
1536
1538
1539
1539
1539
1540
1541
1542
1543
1544
1544
1544
1545
1545
1546
1546
1546
1547
1547
1547
1547
1548
1548
1549
1550
1552
1553
1553
1553
1555
1556
1559
1560
1563
1564
1565
1565
1565
1566
1566
1567
1567
1568
1568
1569
1569
1569
1569
1570
1570
1572
1572
1573
1574
1575
1576
1577
1577
1578
1578
1578
1579
1579
1579
1579
1580
1580
1580
1584
1584
1585
1585
1586
1587
1587
1587
1589
1589
1589
1590
1591
1591
1591
1591
1593
1593
1593
1594
1594
1594
1595
1596
1596
1597
1597
1600
1601
1602
1602
1602
1603
1604
1607
1608
1609
1610
1612
1612
1614
1614
1614
1614
1615
1615
1618
1618
1620
1621
1621
1626
1627
1627
1628
1628
1629
1630
1630
1630
1631
1632
1635
1635
1635
1636
1637
1638
1639
1641
1641
1642
1642
1644
1646
1646
1647
1647
1648
1648
1649
1649
1650
1650
1650
1651
1655
1655
1655
1656
1656
1657
1658
1658
1658
1660
1661
1661
1662
1662
1662
1662
1664
1664
1664
1665
1666
1666
1666
1666
1666
1667
1668
1668
1668
1670
1672
1673
1673
1674
1675
1676
1676
1676
1677
1677
1678
1678
1680
1680
1681
1681
1682
1682
1683
1684
1684
1685
1685
1686
1687
1688
1689
1690
1690
1690
1691
1692
1694
1694
1694
1696
1696
1697
1697
1699
1699
1699
1700
1700
1701
1701
1702
1703
1704
1704
1707
1707
1708
1709
1710
1710
1710
1710
1711
1712
1712
1712
1714
1717
1718
1719
1719
1720
1720
1721
1721
1722
1724
1726
1727
1728
1730
1730
1732
1732
1734
1735
1735
1736
1736
1736
1737
1737
1738
1738
1740
1742
1743
1743
1744
1744
1745
1746
1747
1747
1747
1749
1750
1750
1750
1752
1754
1755
1756
1756
1758
1758
1759
1759
1760
1761
1761
1762
1763
1763
1764
1764
1767
1767
1768
1768
1769
1769
1770
1771
1771
1773
1773
1774
1777
1778
1778
1781
1782
1785
1785
1787
1788
1789
1790
1793
1795
1795
1795
1796
1797
1798
1799
1800
1801
1801
1802
1803
1803
1803
1803
1803
1804
1806
1807
1807
1807
1807
1808
1809
1811
1811
1812
1812
1814
1814
1815
1818
1818
1819
1819
1819
1819
1820
1822
1823
1823
1824
1826
1826
1828
1828
1830
1830
1830
1831
1831
1832
1833
1833
1834
1835
1835
1836
1837
1837
1838
1839
1840
1841
1841
1841
1843
1843
1843
1844
1846
1846
1846
1846
1848
1849
1850
1850
1850
1851
1852
1852
1852
1852
1853
1853
1854
1854
1855
1856
1859
1861
1861
1861
1861
1862
1862
1863
1863
1864
1866
1866
1867
1868
1869
1870
1872
1874
1875
1876
1876
1877
1877
1878
1879
1880
1880
1881
1881
1882
1882
1882
1883
1884
1884
1885
1885
1886
1886
1886
1886
1886
1887
1887
1888
1888
1888
1889
1890
1891
1893
1893
1894
1895
1895
1896
1898
1898
1899
1899
1899
1899
1902
1904
1904
1905
1907
1909
1909
1909
1910
1910
1911
1911
1914
1915
1916
1917
1918
1919
1921
1922
1922
1922
1923
1923
1925
1926
1928
1930
1930
1932
1932
1933
1934
1935
1935
1936
1936
1937
1937
1938
1938
1939
1940
1941
1942
1942
1942
1942
1944
1946
1948
1948
1949
1949
1950
1950
1950
1951
1952
1953
1953
1954
1954
1954
1955
1956
1957
1957
1957
1958
1958
1959
1959
1960
1960
1961
1961
1962
1962
1963
1966
1968
1970
1970
1971
1972
1972
1972
1973
1973
1974
1974
1974
1977
1978
1979
1980
1981
1982
1983
1983
1983
1985
1987
1988
1989
1991
1991
1992
1993
1993
1993
1995
1996
1997
1998
1999
2000
2000
2000
2000
2000
2000
2001
2002
2002
2002
2004
2004
2004
2006
2006
2006
2009
2009
2012
2013
2014
2014
2015
2015
2015
2016
2016
2019
2021
2022
2022
2023
2026
2028
2028
2029
2030
2030
2030
2035
2037
2038
2038
2043
2044
2045
2045
2045
2049
2049
2049
2050
2050
2051
2051
2052
2052
2052
2052
2055
2056
2056
2057
2058
2058
2060
2060
2060
2060
2060
2061
2063
2063
2063
2064
2064
2065
2065
2065
2066
2066
2067
2068
2068
2070
2070
2070
2071
2071
2071
2071
2073
2073
2073
2073
2074
2074
2074
2074
2075
2076
2077
2077
2078
2078
2079
2079
2083
2084
2085
2086
2086
2087
2087
2087
2087
2087
2087
2088
2088
2088
2090
2091
2091
2091
2091
2093
2094
2095
2095
2095
2096
2097
2097
2099
2100
2100
2101
2102
2102
2102
2104
2104
2106
2106
2106
2106
2107
2107
2107
2108
2108
2108
2108
2108
2108
2109
2111
2111
2111
2113
2113
2114
2114
2115
2115
2116
2116
2116
2117
2118
2119
2120
2120
2121
2121
2122
2122
2123
2124
2125
2125
2129
2129
2129
2130
2133
2134
2135
2136
2137
2137
2138
2138
2138
2138
2139
2140
2142
2149
2149
2149
2150
2150
2150
2153
2153
2154
2155
2156
2157
2158
2159
2159
2161
2162
2163
2164
2165
2166
2166
2167
2167
2169
2171
2171
2172
2172
2173
2173
2174
2175
2176
2176
2177
2178
2180
2183
2184
2185
2187
2187
2187
2188
2189
2190
2190
2190
2191
2191
2191
2192
2193
2193
2194
2194
2194
2194
2197
2198
2198
2199
2199
2201
2201
2203
2204
2205
2205
2206
2207
2207
2208
2209
2209
2211
2212
2213
2214
2215
2215
2216
2216
2216
2217
2218
2219
2220
2221
2222
2224
2226
2226
2226
2226
2227
2228
2228
2230
2230
2230
2231
2232
2232
2232
2232
2232
2232
2233
2233
2235
2236
2236
2237
2239
2243
2243
2243
2244
2244
2247
2247
2248
2249
2250
2250
2250
2251
2252
2252
2252
2253
2253
2253
2253
2253
2254
2254
2255
2255
2255
2256
2259
2259
2259
2260
2260
2261
2261
2261
2261
2263
2263
2264
2266
2266
2267
2268
2269
2271
2271
2272
2272
2272
2274
2274
2274
2276
2276
2276
2277
2280
2280
2281
2281
2281
2284
2285
2286
2286
2289
2291
2292
2292
2293
2294
2295
2297
2297
2298
2299
2299
2299
2300
2300
2301
2301
2302
2304
2305
2306
2306
2306
2307
2308
2308
2310
2310
2311
2312
2312
2313
2313
2313
2314
2315
2321
2321
2322
2322
2323
2324
2324
2326
2326
2326
2328
2329
2329
2332
2332
2332
2333
2333
2334
2335
2337
2339
2340
2341
2341
2342
2343
2343
2344
2345
2346
2346
2347
2349
2350
2350
2350
2351
2351
2352
2352
2352
2353
2353
2355
2356
2356
2356
2357
2358
2358
2359
2359
2360
2361
2361
2363
2365
2366
2366
2366
2366
2368
2370
2371
2372
2374
2375
2375
2376
2377
2377
2378
2379
2379
2380
2380
2381
2382
2383
2385
2386
2386
2387
2388
2388
2388
2389
2390
2391
2393
2394
2395
2397
2397
2398
2399
2400
2400
2401
2402
2402
2405
2408
2409
2409
2410
2410
2410
2411
2411
2412
2413
2414
2414
2415
2416
2417
2418
2419
2420
2420
2420
2421
2422
2422
2425
2425
2427
2427
2428
2429
2430
2430
2430
2431
2431
2431
2433
2435
2438
2438
2439
2440
2441
2441
2442
2443
2444
2445
2445
2446
2446
2448
2448
2449
2450
2450
2451
2452
2452
2453
2454
2454
2456
2456
2457
2457
2457
2458
2458
2459
2461
2461
2463
2463
2463
2463
2464
2464
2464
2464
2465
2465
2465
2465
2466
2467
2468
2469
2469
2470
2470
2472
2473
2473
2474
2475
2475
2475
2477
2478
2479
2480
2481
2481
2482
2483
2484
2485
2486
2487
2487
2489
2490
2490
2491
2492
2492
2493
2493
2496
2497
2498
2499
2500
2500
2501
2501
2501
2501
2502
2503
2504
2505
2505
2507
2508
2509
2509
2509
2510
2510
2511
2514
2514
2514
2515
2515
2515
2518
2520
2520
2521
2521
2522
2523
2524
2525
2527
2527
2527
2528
2528
2528
2535
2535
2537
2537
2538
2538
2539
2539
2539
2541
2541
2543
2544
2545
2546
2547
2548
2549
2551
2551
2554
2554
2555
2555
2556
2557
2558
2558
2558
2560
2561
2561
2564
2565
2565
2567
2567
2568
2569
2569
2569
2570
2570
2570
2572
2573
2573
2573
2575
2576
2577
2577
2579
2580
2580
2581
2581
2583
2584
2585
2586
2588
2588
2589
2590
2590
2590
2591
2591
2591
2592
2592
2593
2593
2594
2595
2597
2597
2601
2601
2601
2602
2603
2604
2605
2605
2605
2606
2607
2607
2607
2613
2615
2615
2615
2615
2617
2617
2617
2617
2619
2619
2620
2622
2622
2622
2624
2624
2624
2625
2626
2629
2629
2629
2631
2632
2632
2632
2634
2635
2636
2636
2636
2637
2639
2640
2640
2641
2642
2644
2646
2647
2648
2649
2650
2651
2651
2651
2652
2653
2654
2654
2654
2655
2656
2657
2657
2657
2659
2659
2659
2659
2660
2661
2662
2662
2662
2662
2663
2664
2665
2665
2666
2666
2667
2667
2668
2668
2668
2668
2668
2668
2668
2669
2670
2673
2674
2675
2676
2677
2678
2678
2679
2679
2680
2680
2681
2681
2682
2684
2685
2685
2685
2686
2686
2686
2686
2687
2687
2687
2688
2689
2689
2690
2692
2692
2692
2692
2693
2695
2696
2696
2696
2699
2699
2701
2701
2702
2703
2703
2705
2705
2706
2706
2706
2707
2708
2708
2709
2712
2715
2716
2717
2717
2718
2718
2720
2720
2721
2722
2723
2724
2725
2726
2727
2729
2729
2729
2730
2731
2731
2731
2732
2733
2734
2734
2735
2736
2737
2737
2737
2738
2739
2740
2741
2741
2741
2742
2742
2744
2746
2746
2746
2747
2747
2747
2749
2749
2750
2750
2750
2751
2751
2751
2752
2752
2754
2754
2755
2756
2757
2757
2758
2758
2759
2759
2760
2763
2764
2765
2765
2766
2769
2770
2770
2771
2771
2772
2773
2775
2775
2776
2777
2778
2778
2778
2779
2779
2779
2779
2781
2781
2782
2782
2783
2783
2783
2784
2785
2785
2786
2787
2788
2788
2788
2789
2791
2791
2791
2792
2792
2792
2792
2793
2794
2795
2796
2796
2796
2797
2797
2798
2800
2800
2804
2805
2805
2806
2807
2807
2807
2807
2809
2809
2810
2810
2812
2812
2812
2813
2814
2814
2815
2816
2817
2817
2818
2819
2821
2823
2824
2824
2826
2827
2827
2828
2828
2828
2830
2830
2831
2831
2832
2833
2835
2836
2836
2836
2837
2837
2837
2838
2840
2841
2841
2842
2844
2845
2845
2845
2846
2846
2847
2852
2853
2853
2853
2854
2855
2855
2856
2857
2858
2860
2860
2860
2862
2862
2862
2863
2863
2863
2864
2865
2865
2866
2869
2870
2871
2872
2872
2872
2872
2874
2874
2876
2877
2877
2878
2879
2880
2880
2880
2881
2882
2882
2882
2883
2883
2883
2884
2885
2886
2886
2887
2889
2889
2890
2891
2894
2894
2894
2895
2896
2896
2902
2902
2902
2902
2903
2903
2903
2903
2904
2904
2904
2905
2907
2907
2908
2908
2908
2909
2909
2910
2912
2913
2914
2915
2915
2916
2917
2918
2918
2919
2920
2922
2923
2924
2925
2925
2926
2926
2927
2927
2930
2930
2931
2931
2931
2931
2932
2933
2933
2934
2936
2937
2937
2939
2939
2940
2940
2940
2941
2942
2944
2944
2945
2946
2947
2947
2947
2948
2948
2949
2950
2950
2950
2951
2952
2953
2954
2955
2957
2957
2957
2959
2959
2959
2960
2960
2962
2964
2964
2965
2965
2966
2966
2967
2968
2969
2970
2970
2970
2972
2972
2972
2975
2977
2980
2980
2981
2981
2982
2982
2982
2983
2984
2984
2989
2991
2992
2992
2994
2994
2995
2996
2997
2997
2997
2997
2999
3002
3002
3003
3005
3006
3007
3007
3008
3010
3011
3011
3012
3012
3013
3013
3013
3014
3015
3015
3015
3017
3017
3018
3022
3022
3023
3024
3024
3025
3025
3027
3028
3029
3031
3033
3034
3035
3035
3038
3039
3040
3040
3041
3042
3043
3043
3044
3044
3044
3045
3045
3046
3046
3046
3050
3050
3052
3052
3052
3054
3054
3055
3056
3056
3057
3060
3060
3060
3061
3062
3064
3064
3064
3065
3065
3065
3066
3067
3069
3069
3069
3069
3071
3072
3074
3074
3075
3075
3077
3079
3080
3080
3080
3080
3081
3081
3081
3083
3083
3084
3084
3084
3084
3085
3086
3086
3086
3087
3088
3088
3088
3090
3090
3090
3091
3092
3093
3093
3094
3094
3094
3095
3095
3096
3098
3099
3099
3100
3100
3100
3100
3101
3102
3103
3104
3105
3105
3105
3105
3106
3107
3107
3107
3109
3110
3111
3112
3112
3113
3114
3114
3114
3115
3116
3117
3118
3118
3120
3120
3121
3122
3123
3125
3126
3128
3129
3129
3132
3132
3132
3133
3133
3133
3134
3134
3135
3136
3136
3137
3137
3138
3138
3138
3138
3139
3139
3142
3142
3143
3145
3145
3146
3146
3147
3147
3148
3149
3150
3152
3152
3152
3153
3154
3154
3154
3155
3157
3157
3160
3160
3161
3162
3163
3163
3165
3166
3166
3167
3167
3167
3168
3168
3169
3170
3170
3171
3172
3174
3174
3175
3175
3176
3176
3176
3177
3178
3179
3179
3179
3179
3179
3180
3181
3182
3183
3184
3185
3186
3187
3189
3189
3189
3189
3191
3192
3193
3193
3195
3196
3196
3196
3197
3198
3198
3200
3201
3201
3203
3205
3205
3209
3210
3213
3213
3214
3216
3216
3216
3220
3221
3222
3222
3223
3223
3223
3224
3225
3226
3227
3227
3228
3230
3230
3231
3232
3233
3233
3233
3233
3234
3234
3234
3234
3234
3234
3235
3235
3235
3236
3236
3237
3238
3238
3241
3242
3243
3244
3245
3247
3249
3250
3250
3250
3251
3252
3252
3254
3255
3255
3255
3256
3257
3257
3258
3259
3259
3260
3261
3261
3262
3263
3263
3267
3269
3269
3270
3270
3271
3272
3272
3272
3272
3273
3273
3275
3276
3278
3278
3278
3281
3283
3283
3284
3284
3284
3285
3285
3285
3286
3286
3286
3286
3290
3291
3292
3292
3292
3293
3293
3293
3293
3294
3295
3295
3295
3295
3295
3298
3298
3299
3300
3302
3304
3305
3307
3308
3308
3308
3311
3311
3314
3315
3315
3316
3316
3316
3318
3318
3319
3321
3322
3324
3325
3325
3326
3327
3328
3328
3330
3334
3334
3334
3335
3336
3336
3337
3338
3338
3339
3340
3340
3341
3343
3343
3343
3346
3347
3348
3349
3351
3351
3352
3353
3354
3354
3355
3355
3355
3356
3357
3359
3359
3360
3360
3362
3362
3363
3364
3365
3366
3366
3368
3371
3372
3374
3375
3376
3377
3377
3379
3379
3380
3381
3384
3388
3388
3388
3389
3389
3390
3391
3393
3394
3395
3396
3396
3396
3396
3397
3398
3398
3399
3401
3402
3402
3403
3404
3404
3404
3406
3407
3407
3407
3408
3409
3409
3409
3410
3410
3411
3411
3412
3412
3413
3413
3415
3417
3418
3418
3419
3421
3421
3421
3422
3423
3424
3424
3424
3427
3427
3428
3428
3430
3430
3432
3432
3433
3433
3434
3434
3435
3435
3435
3436
3436
3436
3436
3437
3439
3440
3440
3443
3443
3443
3444
3444
3444
3447
3447
3447
3450
3452
3453
3453
3453
3454
3454
3456
3456
3457
3457
3457
3459
3460
3461
3461
3462
3465
3465
3466
3467
3468
3468
3469
3469
3470
3471
3471
3471
3471
3472
3472
3473
3475
3475
3475
3476
3478
3479
3479
3479
3481
3481
3482
3483
3484
3484
3485
3485
3485
3485
3485
3487
3487
3488
3491
3491
3491
3491
3492
3492
3492
3494
3494
3495
3496
3498
3499
3501
3502
3504
3507
3509
3509
3511
3511
3512
3512
3514
3515
3517
3517
3518
3518
3518
3519
3519
3519
3519
3520
3520
3521
3523
3523
3525
3525
3526
3527
3532
3533
3536
3537
3538
3538
3539
3540
3541
3542
3543
3543
3544
3544
3544
3545
3546
3547
3547
3548
3550
3551
3554
3555
3556
3558
3558
3559
3559
3561
3561
3562
3562
3563
3563
3564
3564
3564
3565
3565
3565
3565
3566
3566
3567
3569
3570
3571
3576
3579
3581
3583
3584
3584
3585
3588
3589
3589
3590
3591
3591
3592
3592
3592
3595
3595
3596
3596
3597
3598
3598
3599
3599
3599
3602
3603
3605
3605
3608
3608
3609
3609
3610
3610
3611
3612
3612
3612
3613
3614
3614
3615
3615
3616
3617
3617
3618
3618
3618
3619
3620
3620
3620
3620
3620
3620
3622
3622
3623
3623
3624
3624
3624
3624
3628
3629
3629
3631
3633
3634
3635
3635
3636
3637
3638
3638
3639
3640
3642
3643
3644
3646
3646
3649
3649
3649
3651
3652
3652
3653
3653
3654
3654
3655
3659
3659
3660
3661
3661
3663
3663
3665
3665
3666
3666
3667
3667
3669
3669
3669
3670
3671
3673
3673
3674
3675
3677
3677
3678
3679
3679
3680
3680
3680
3681
3681
3681
3682
3682
3683
3683
3685
3685
3686
3686
3687
3688
3688
3689
3689
3689
3689
3690
3690
3691
3693
3694
3695
3698
3699
3699
3700
3700
3700
3701
3702
3702
3704
3705
3705
3706
3706
3707
3707
3709
3709
3709
3712
3713
3714
3715
3716
3717
3717
3717
3717
3717
3720
3720
3721
3721
3722
3722
3723
3723
3723
3724
3726
3726
3727
3727
3727
3728
3729
3730
3731
3732
3732
3733
3733
3734
3735
3736
3736
3736
3738
3740
3741
3742
3742
3743
3745
3745
3746
3746
3747
3747
3748
3748
3748
3749
3750
3751
3752
3753
3753
3754
3755
3756
3757
3758
3758
3762
3762
3763
3763
3763
3763
3766
3767
3768
3770
3771
3772
3773
3775
3776
3776
3777
3778
3778
3779
3779
3780
3783
3783
3783
3786
3787
3787
3787
3789
3790
3791
3792
3792
3793
3794
3794
3794
3795
3796
3796
3796
3796
3797
3800
3801
3801
3802
3802
3802
3802
3803
3804
3804
3804
3804
3805
3806
3809
3810
3811
3812
3814
3816
3816
3816
3817
3818
3818
3819
3819
3819
3820
3820
3822
3824
3825
3826
3826
3826
3827
3828
3833
3835
3836
3836
3836
3838
3838
3839
3840
3840
3841
3843
3843
3843
3844
3844
3844
3845
3846
3846
3846
3848
3848
3849
3851
3851
3851
3852
3854
3855
3855
3855
3855
3856
3856
3857
3857
3858
3860
3860
3862
3863
3863
3864
3864
3864
3865
3866
3866
3866
3867
3867
3868
3868
3869
3869
3870
3871
3871
3871
3872
3873
3874
3874
3875
3875
3875
3876
3876
3876
3876
3878
3878
3878
3879
3880
3880
3880
3880
3882
3882
3883
3885
3885
3886
3887
3887
3888
3889
3889
3889
3890
3890
3890
3890
3891
3891
3892
3896
3896
3896
3898
3898
3899
3899
3899
3902
3902
3904
3904
3904
3905
3905
3906
3906
3907
3907
3907
3907
3909
3909
3910
3911
3911
3911
3912
3914
3915
3915
3916
3916
3917
3917
3918
3918
3919
3919
3920
3921
3922
3922
3923
3925
3925
3925
3925
3926
3927
3929
3929
3930
3932
3932
3933
3933
3933
3935
3935
3936
3937
3941
3942
3943
3945
3948
3951
3952
3954
3954
3954
3955
3955
3955
3955
3956
3957
3957
3959
3960
3960
3960
3960
3960
3961
3961
3962
3962
3963
3963
3964
3964
3966
3966
3968
3968
3968
3969
3969
3969
3970
3971
3971
3972
3972
3972
3973
3973
3973
3973
3974
3974
3974
3976
3977
3977
3977
3978
3978
3979
3979
3979
3979
3982
3982
3983
3984
3988
3988
3988
3988
3988
3988
3990
3992
3993
3993
3994
3994
3995
3996
3998
3999
4001
4001
4002
4004
4005
4005
4008
4009
4010
4010
4011
4012
4012
4013
4013
4013
4014
4014
4014
4016
4016
4017
4018
4020
4021
4021
4022
4023
4023
4023
4024
4025
4026
4027
4028
4028
4029
4030
4030
4031
4032
4032
4034
4034
4036
4037
4037
4038
4039
4039
4040
4040
4041
4043
4043
4043
4044
4044
4046
4047
4047
4048
4048
4049
4049
4050
4050
4052
4053
4053
4053
4053
4054
4054
4055
4055
4056
4056
4057
4058
4059
4064
4066
4069
4070
4071
4071
4074
4074
4075
4076
4076
4077
4077
4078
4082
4083
4084
4084
4085
4085
4085
4086
4087
4087
4088
4089
4091
4092
4092
4097
4099
4101
4101
4102
4102
4102
4104
4104
4105
4106
4106
4107
4107
4107
4112
4112
4112
4113
4113
4113
4115
4116
4116
4116
4117
4119
4120
4121
4123
4123
4123
4124
4125
4125
4126
4126
4127
4128
4128
4129
4129
4130
4131
4133
4134
4134
4134
4135
4137
4140
4143
4143
4144
4145
4145
4146
4147
4147
4147
4147
4147
4148
4148
4149
4149
4149
4150
4150
4150
4150
4151
4151
4151
4152
4152
4153
4153
4154
4154
4155
4155
4156
4156
4157
4158
4158
4158
4159
4159
4159
4161
4161
4162
4162
4163
4163
4164
4164
4164
4166
4166
4167
4168
4168
4168
4168
4168
4168
4170
4171
4173
4174
4174
4174
4177
4181
4182
4182
4184
4185
4185
4186
4186
4186
4186
4187
4187
4188
4189
4190
4190
4191
4192
4193
4194
4194
4194
4195
4195
4195
4196
4200
4201
4202
4203
4203
4205
4206
4207
4208
4209
4210
4210
4212
4213
4214
4214
4218
4218
4218
4219
4220
4220
4221
4221
4222
4222
4222
4223
4223
4223
4224
4225
4226
4226
4227
4229
4230
4231
4231
4232
4233
4236
4236
4236
4238
4238
4241
4242
4243
4243
4244
4245
4245
4245
4247
4248
4249
4249
4251
4252
4252
4253
4253
4253
4254
4254
4254
4255
4255
4256
4256
4257
4258
4259
4259
4260
4260
4262
4263
4263
4263
4264
4264
4265
4266
4267
4268
4269
4271
4271
4271
4272
4272
4273
4274
4276
4277
4278
4280
4281
4282
4282
4282
4283
4284
4284
4284
4285
4285
4286
4286
4288
4288
4289
4291
4291
4291
4293
4293
4294
4294
4295
4296
4297
4301
4302
4302
4302
4302
4303
4303
4303
4303
4304
4304
4306
4310
4310
4314
4315
4316
4317
4317
4318
4318
4319
4320
4321
4321
4322
4325
4326
4326
4327
4327
4327
4327
4329
4331
4332
4332
4334
4335
4337
4338
4339
4340
4341
4341
4341
4342
4344
4345
4346
4347
4350
4350
4350
4350
4351
4352
4354
4355
4356
4357
4357
4357
4357
4358
4360
4361
4362
4362
4362
4363
4365
4365
4365
4365
4367
4368
4368
4370
4371
4373
4375
4375
4376
4376
4377
4378
4379
4380
4381
4383
4383
4384
4384
4386
4386
4386
4387
4390
4390
4392
4393
4393
4393
4393
4394
4394
4394
4396
4396
4399
4399
4399
4401
4402
4404
4405
4405
4406
4407
4408
4408
4409
4410
4411
4411
4411
4412
4414
4414
4415
4416
4416
4416
4416
4417
4418
4418
4423
4424
4425
4426
4428
4430
4431
4431
4432
4433
4434
4434
4435
4436
4436
4436
4437
4437
4437
4438
4438
4439
4439
4441
4441
4442
4442
4443
4444
4445
4446
4446
4447
4448
4448
4449
4449
4449
4451
4451
4453
4454
4454
4455
4455
4456
4456
4460
4463
4464
4464
4464
4465
4466
4466
4466
4466
4467
4467
4468
4469
4470
4470
4470
4471
4471
4472
4472
4472
4474
4475
4475
4476
4478
4479
4479
4480
4480
4481
4483
4483
4483
4484
4485
4486
4486
4487
4487
4487
4487
4488
4489
4490
4492
4495
4495
4496
4498
4498
4499
4500
4502
4502
4503
4504
4506
4506
4506
4507
4510
4511
4511
4511
4513
4513
4515
4516
4516
4516
4518
4519
4520
4521
4521
4522
4524
4524
4527
4528
4529
4529
4530
4532
4532
4532
4534
4534
4534
4535
4537
4537
4537
4538
4538
4538
4539
4539
4540
4541
4542
4542
4542
4543
4544
4545
4546
4546
4547
4548
4551
4553
4554
4555
4556
4556
4556
4557
4558
4559
4559
4560
4560
4560
4561
4563
4566
4567
4569
4569
4570
4571
4571
4573
4573
4575
4575
4576
4577
4578
4578
4578
4580
4580
4581
4582
4583
4584
4585
4586
4587
4587
4589
4589
4589
4591
4591
4592
4593
4593
4594
4594
4594
4595
4595
4596
4597
4598
4598
4598
4598
4598
4600
4601
4601
4603
4603
4605
4606
4606
4606
4607
4607
4608
4614
4615
4615
4616
4616
4619
4621
4622
4625
4625
4625
4626
4626
4626
4627
4628
4630
4631
4631
4631
4633
4635
4635
4636
4636
4636
4637
4637
4637
4638
4640
4642
4642
4643
4643
4644
4644
4646
4647
4648
4649
4650
4650
4651
4651
4652
4652
4653
4653
4653
4655
4656
4656
4656
4656
4656
4659
4660
4661
4663
4665
4665
4665
4666
4666
4667
4668
4668
4668
4670
4671
4671
4672
4672
4672
4673
4673
4675
4675
4675
4678
4679
4680
4683
4684
4684
4685
4686
4686
4686
4687
4687
4687
4687
4691
4691
4692
4692
4693
4693
4697
4699
4699
4699
4701
4701
4702
4702
4704
4704
4705
4705
4705
4706
4706
4706
4707
4707
4709
4709
4710
4711
4712
4713
4713
4714
4714
4716
4716
4717
4718
4719
4719
4719
4722
4723
4724
4724
4724
4725
4725
4725
4726
4728
4732
4732
4732
4733
4740
4740
4742
4745
4745
4747
4748
4749
4749
4749
4750
4750
4751
4752
4752
4753
4754
4758
4759
4760
4760
4760
4761
4762
4765
4765
4765
4766
4766
4766
4767
4767
4767
4768
4768
4768
4769
4772
4772
4773
4774
4775
4776
4777
4777
4781
4783
4784
4785
4786
4787
4787
4789
4791
4791
4791
4792
4794
4795
4796
4797
4798
4798
4798
4798
4799
4799
4800
4801
4802
4802
4803
4803
4804
4806
4807
4811
4813
4814
4815
4818
4818
4819
4819
4819
4819
4821
4821
4822
4822
4823
4823
4824
4824
4824
4825
4825
4826
4826
4827
4827
4830
4831
4831
4831
4832
4834
4834
4834
4834
4834
4835
4835
4835
4837
4837
4838
4838
4838
4840
4842
4842
4842
4844
4844
4846
4846
4849
4849
4849
4850
4850
4850
4852
4853
4853
4853
4855
4857
4858
4858
4859
4859
4859
4859
4860
4860
4862
4862
4863
4864
4866
4870
4873
4873
4874
4874
4875
4875
4876
4876
4877
4878
4880
4881
4883
4884
4885
4886
4886
4888
4888
4889
4890
4891
4892
4892
4894
4898
4898
4901
4901
4902
4903
4903
4907
4909
4909
4909
4910
4912
4912
4913
4913
4914
4915
4915
4916
4917
4919
4919
4920
4921
4921
4921
4925
4928
4929
4930
4930
4930
4932
4936
4936
4936
4937
4937
4938
4939
4939
4940
4941
4941
4941
4942
4942
4943
4943
4943
4944
4944
4945
4945
4945
4946
4946
4947
4948
4949
4950
4951
4953
4953
4953
4953
4953
4954
4954
4955
4956
4957
4959
4961
4962
4962
4962
4963
4964
4964
4964
4965
4965
4966
4967
4968
4968
4969
4972
4973
4975
4975
4975
4978
4980
4982
4984
4984
4985
4986
4986
4986
4986
4987
4988
4990
4991
4991
4991
4993
4993
4994
4995
4995
4996
4996
4996
4997
4997
4998
4999
5000
