1014
1023
1031
1039
1064
1067
1071
1073
1090
1101
1110
1114
1114
1119
1119
1123
1124
1130
1166
1180
1191
1200
1208
1212
1214
1222
1227
1232
1238
1244
1256
1261
1269
1283
1283
1285
1287
1293
1306
1313
1315
1315
1327
1332
1337
1340
1341
1345
1346
1347
1014
1023
1031
1039
1064
1067
1071
1073
1090
1101
1110
1114
1114
1119
1119
1123
1124
1130
1166
1180
1191
1200
1208
1212
1214
1222
1227
1232
1238
1244
1256
1261
1269
1283
1283
1285
1287
1293
1306
1313
1315
1315
1327
1332
1337
1340
1341
1345
1346
1347
1014
1023
1031
1039
1064
1067
1071
1073
1090
1101
1110
1114
1114
1119
1119
1123
1124
1130
1166
1180
1191
1200
1208
1212
1214
1222
1227
1232
1238
1244
1256
1261
1269
1283
1283
1285
1287
1293
1306
1313
1315
1315
1327
1332
1337
1340
1341
1345
1346
1347
1014
1023
1031
1039
1064
1067
1071
1073
1090
1101
1110
1114
1114
1119
1119
1123
1124
1130
1166
1180
1191
1200
1208
1212
1214
1222
1227
1232
1238
1244
1256
1261
1269
1283
1283
1285
1287
1293
1306
1313
1315
1315
1327
1332
1337
1340
1341
1345
1346
1347
1014
1023
1031
1039
1064
1067
1071
1073
1090
1101
1110
1114
1114
1119
1119
1123
1124
1130
1166
1180
1191
1200
1208
1212
1214
1222
1227
1232
1238
1244
1256
1261
1269
1283
1283
1285
1287
1293
1306
1313
1315
1315
1327
1332
1337
1340
1341
1345
1346
1347
1014
1023
1031
1039
1064
1067
1071
1073
1090
1101
1110
1114
1114
1119
1119
1123
1124
1130
1166
1180
1191
1200
1208
1212
1214
1222
1227
1232
1238
1244
1256
1261
1269
1283
1283
1285
1287
1293
1306
1313
1315
1315
1327
1332
1337
1340
1341
1345
1346
1347
1014
1023
1031
1039
1064
1067
1071
1073
1090
1101
1110
1114
1114
1119
1119
1123
1124
1130
1166
1180
1191
1200
1208
1212
1214
1222
1227
1232
1238
1244
1256
1261
1269
1283
1283
1285
1287
1293
1306
1313
1315
1315
1327
1332
1337
1340
1341
1345
1346
1347
1014
1023
1031
1039
1064
1067
1071
1073
1090
1101
1110
1114
1114
1119
1119
1123
1124
1130
1166
1180
1191
1200
1208
1212
1214
1222
1227
1232
1238
1244
1256
1261
1269
1283
1283
1285
1287
1293
1306
1313
1315
1315
1327
1332
1337
1340
1341
1345
1346
1347
1014
1023
1031
1039
1064
1067
1071
1073
1090
1101
1110
1114
1114
1119
1119
1123
1124
1130
1166
1180
1191
1200
1208
1212
1214
1222
1227
1232
1238
1244
1256
1261
1269
1283
1283
1285
1287
1293
1306
1313
1315
1315
1327
1332
1337
1340
1341
1345
1346
1347
1014
1023
1031
1039
1064
1067
1071
1073
1090
1101
1110
1114
1114
1119
1119
1123
1124
1130
1166
1180
1191
1200
1208
1212
1214
1222
1227
1232
1238
1244
1256
1261
1269
1283
1283
1285
1287
1293
1306
1313
1315
1315
1327
1332
1337
1340
1341
1345
1346
1347
