1014
1023
1031
1039
1064
1067
1071
1073
1090
1101
1110
1114
1114
1119
1119
1123
1124
1130
1166
1180
1191
1200
1208
1212
1214
1222
1227
1232
1238
1244
1256
1261
1269
1283
1283
1285
1287
1293
1306
1313
1315
1315
1327
1332
1337
1340
1341
1345
1346
1347
1350
1367
1368
1377
1380
1405
1428
1434
1444
1445
1463
1476
1476
1488
1496
1499
1501
1504
1511
1513
1519
1521
1532
1544
1545
1551
1556
1580
1596
1603
1605
1620
1623
1625
1672
1676
1679
1693
1709
1710
1717
1717
1718
1730
1740
1744
1744
1748
1759
1762
1764
1775
1780
1819
1825
1834
1838
1841
1851
1854
1857
1872
1876
1890
1897
1922
1949
1957
1959
1960
1962
1968
1972
1972
1979
1996
2000
2002
2013
2013
2018
2022
2024
2055
2055
2063
2078
2086
2086
2087
2097
2098
2108
2108
2110
2125
2129
2141
2141
2153
2162
2177
2180
2195
2204
2206
2234
2236
2237
2241
2252
2256
2257
2259
2267
2273
2280
2289
2298
2299
2299
2307
2317
2343
2344
2346
2347
2350
2359
2370
2378
2378
2390
2390
2393
2393
2406
2439
2447
2455
2462
2466
2500
2505
2505
2516
2520
2521
2532
2534
2545
2549
2559
2564
2570
2572
2591
2602
2609
2621
2625
2625
2632
2640
2640
2652
2662
2665
2681
2684
2692
2700
2725
2751
2756
2758
2759
2763
2769
2774
2787
2787
2795
2801
2801
2817
2818
2822
2856
2858
2880
2891
2897
2914
2921
2922
2944
2952
2953
2963
2973
2980
3012
3019
3034
3035
3045
3065
3069
3070
3077
3094
3097
3118
3119
3120
3131
3132
3134
3136
3146
3147
3149
3160
3162
3162
3183
3196
3214
3221
3235
3240
3244
3252
3272
3274
3279
3284
3301
3304
3313
3328
3330
3332
3332
3340
3352
3361
3366
3386
3397
3400
3400
3409
3419
3420
3423
3434
3437
3448
3466
3478
3487
3489
3490
3506
3507
3510
3510
3512
3546
3552
3558
3568
3581
3586
3600
3613
3622
3632
3643
3659
3671
3674
3676
3677
3689
3690
3698
3702
3706
3707
3713
3719
3721
3723
3724
3734
3738
3740
3741
3742
3767
3773
3775
3787
3814
3853
3862
3868
3869
3881
3893
3900
3900
3900
3913
3938
3942
3947
3948
3951
3958
3980
3983
3989
4032
4040
4041
4055
4062
4066
4067
4105
4110
4118
4140
4146
4164
4172
4179
4184
4193
4193
4193
4199
4202
4205
4211
4211
4217
4247
4248
4264
4269
4274
4283
4297
4332
4333
4334
4337
4345
4356
4358
4364
4373
4394
4396
4401
4402
4407
4417
4424
4427
4429
4431
4431
4433
4447
4451
4458
4459
4464
4474
4488
4502
4504
4504
4508
4510
4530
4534
4536
4544
4545
4546
4557
4568
4573
4586
4592
4594
4604
4605
4607
4613
4627
4632
4642
4646
4647
4669
4672
4672
4679
4700
4700
4705
4710
4710
4717
4723
4731
4739
4767
4773
4778
4779
4783
4789
4792
4812
4820
4829
4850
4859
4884
4891
4892
4892
4897
4899
4931
4935
4947
4949
4959
4987
4996
