4996
4987
4959
4949
4947
4935
4931
4899
4897
4892
4892
4891
4884
4859
4850
4829
4820
4812
4792
4789
4783
4779
4778
4773
4767
4739
4731
4723
4717
4710
4710
4705
4700
4700
4679
4672
4672
4669
4647
4646
4642
4632
4627
4613
4607
4605
4604
4594
4592
4586
4573
4568
4557
4546
4545
4544
4536
4534
4530
4510
4508
4504
4504
4502
4488
4474
4464
4459
4458
4451
4447
4433
4431
4431
4429
4427
4424
4417
4407
4402
4401
4396
4394
4373
4364
4358
4356
4345
4337
4334
4333
4332
4297
4283
4274
4269
4264
4248
4247
4217
4211
4211
4205
4202
4199
4193
4193
4193
4184
4179
4172
4164
4146
4140
4118
4110
4105
4067
4066
4062
4055
4041
4040
4032
3989
3983
3980
3958
3951
3948
3947
3942
3938
3913
3900
3900
3900
3893
3881
3869
3868
3862
3853
3814
3787
3775
3773
3767
3742
3741
3740
3738
3734
3724
3723
3721
3719
3713
3707
3706
3702
3698
3690
3689
3677
3676
3674
3671
3659
3643
3632
3622
3613
3600
3586
3581
3568
3558
3552
3546
3512
3510
3510
3507
3506
3490
3489
3487
3478
3466
3448
3437
3434
3423
3420
3419
3409
3400
3400
3397
3386
3366
3361
3352
3340
3332
3332
3330
3328
3313
3304
3301
3284
3279
3274
3272
3252
3244
3240
3235
3221
3214
3196
3183
3162
3162
3160
3149
3147
3146
3136
3134
3132
3131
3120
3119
3118
3097
3094
3077
3070
3069
3065
3045
3035
3034
3019
3012
2980
2973
2963
2953
2952
2944
2922
2921
2914
2897
2891
2880
2858
2856
2822
2818
2817
2801
2801
2795
2787
2787
2774
2769
2763
2759
2758
2756
2751
2725
2700
2692
2684
2681
2665
2662
2652
2640
2640
2632
2625
2625
2621
2609
2602
2591
2572
2570
2564
2559
2549
2545
2534
2532
2521
2520
2516
2505
2505
2500
2466
2462
2455
2447
2439
2406
2393
2393
2390
2390
2378
2378
2370
2359
2350
2347
2346
2344
2343
2317
2307
2299
2299
2298
2289
2280
2273
2267
2259
2257
2256
2252
2241
2237
2236
2234
2206
2204
2195
2180
2177
2162
2153
2141
2141
2129
2125
2110
2108
2108
2098
2097
2087
2086
2086
2078
2063
2055
2055
2024
2022
2018
2013
2013
2002
2000
1996
1979
1972
1972
1968
1962
1960
1959
1957
1949
1922
1897
1890
1876
1872
1857
1854
1851
1841
1838
1834
1825
1819
1780
1775
1764
1762
1759
1748
1744
1744
1740
1730
1718
1717
1717
1710
1709
1693
1679
1676
1672
1625
1623
1620
1605
1603
1596
1580
1556
1551
1545
1544
1532
1521
1519
1513
1511
1504
1501
1499
1496
1488
1476
1476
1463
1445
1444
1434
1428
1405
1380
1377
1368
1367
1350
1347
1346
1345
1341
1340
1337
1332
1327
1315
1315
1313
1306
1293
1287
1285
1283
1283
1269
1261
1256
1244
1238
1232
1227
1222
1214
1212
1208
1200
1191
1180
1166
1130
1124
1123
1119
1119
1114
1114
1110
1101
1090
1073
1071
1067
1064
1039
1031
1023
1014
