2129
1854
3183
4172
1261
4274
1718
3313
4604
4431
4949
2206
2439
4118
4364
2466
4502
2564
2141
1293
3119
4508
1315
3019
1968
3352
2299
1306
3065
2078
2022
1341
3448
1200
3659
2980
2370
4892
1897
4705
1212
2289
4205
3132
3742
2317
3077
1345
2298
3012
1287
1067
1972
1890
4488
2346
3252
2545
2390
1405
1014
1244
1519
2700
3240
3512
2447
4211
4040
2013
1124
2769
3284
1073
4464
2267
3510
4396
4632
1603
3409
4283
3677
4247
4996
4607
4193
3160
2237
4546
4202
3741
4062
1764
4779
1545
3546
1762
1759
1367
2880
2024
1625
3721
2378
1957
1269
2393
3948
4642
2758
4401
4193
1377
4407
1346
3397
3147
4510
2591
3437
2086
4055
1166
2787
4358
4669
3900
3136
2953
2774
1730
1551
4557
3983
2922
4778
2018
1499
3676
2299
4783
2763
4184
2549
3034
4333
2822
1368
4402
3361
3881
2856
3868
2378
1672
3489
2559
3643
4332
4792
2098
3035
1949
3487
4458
3070
3698
1693
2063
1996
4573
4424
2572
1620
1521
1090
1180
4594
1834
2153
1110
1513
1676
4164
2141
3958
1238
1740
4731
4032
4892
1959
3366
2055
2280
2751
1596
2406
1463
4504
2390
3893
3706
2000
4710
1332
4427
4773
4739
1208
2640
3622
4987
4459
4897
2952
1979
3466
3304
3862
3120
2087
1476
4179
3400
2204
2500
2359
1744
2125
2534
4568
1709
4723
3702
4627
3490
3279
4534
2801
3568
1283
4767
4105
3419
3814
1496
4199
4935
3600
4959
1445
3581
2505
1851
4334
4812
4536
3244
2347
2307
2462
1232
3734
4710
4373
4884
2684
2692
1327
1825
2602
3274
3507
2756
1434
3328
1962
3775
1340
4931
2632
1841
4041
3420
3707
1064
1532
4679
2180
3558
1922
2759
2963
4356
1717
1191
3947
3478
4394
2609
3506
3400
1780
4859
3069
1380
2858
1123
2086
4474
2259
1039
1857
3149
3134
3221
3913
1256
1511
4429
4530
2897
4337
3723
2662
1876
2455
3196
2002
3989
2681
1130
3340
2177
4269
3689
3162
1819
1023
2521
3423
1710
2252
1501
4672
4592
3900
1214
2625
2241
4700
1283
3951
1222
1114
3301
2725
4672
2257
1350
2195
3235
1488
1347
4700
1285
2234
2652
3097
3332
2110
4146
3942
4066
2944
2817
2914
2344
2625
1504
2343
4140
4647
1101
3980
2013
3118
4586
3332
3767
1476
2665
4211
2273
4646
4545
4110
3131
4345
1114
1605
2621
4451
3724
4899
3632
3045
3674
3434
1337
1580
4067
3613
3146
3773
1775
4193
2640
2570
1838
2393
4264
4789
2097
3510
4248
4297
1872
3719
3740
2921
1972
2795
4891
3671
3552
4447
4605
4829
3869
4850
1031
3938
1119
1544
3162
1444
4544
4947
2787
2516
1748
1717
4820
4417
2973
4217
3900
1313
1119
3330
4613
2532
1744
4717
4504
1623
4431
3690
2162
2891
2108
1960
1428
2818
1315
2520
3713
3272
3386
2055
1556
3214
2108
2236
1071
2350
4433
2256
3586
3094
3853
1679
3738
2505
2801
1227
3787
